0.01 100
0.02 92.2896284280956
0.03 72.4063710303919
0.04 97.4763006294424
0.05 97.0403218282018
0.06 89.1635746666786
0.07 70.9472441422841
0.08 62.2571944880021
0.09 84.6190019198917
0.1 79.8945680960137
0.11 79.8737330579667
0.12 76.0175215640458
0.13 84.2558513502423
0.14 74.6672106429504
0.15 76.9423935715804
0.16 71.3082537568103
0.17 67.9509931881441
0.18 69.7483711925869
0.19 69.811713064826
0.2 43.5819419046664
0.21 42.5371611955727
0.22 61.9710539396485
0.23 60.078057006746
0.24 57.3253197563206
0.25 52.5617260229031
0.26 56.7850866165644
0.27 31.0088259652971
0.28 23.7224549768012
0.29 44.1744200970536
0.3 34.5887643440789
0.31 47.0101722304711
0.32 43.8817903162211
0.33 42.6297471960191
0.34 17.7388270190617
0.35 16.1650763082588
0.36 44.1119418297289
0.37 46.622222766033
0.38 23.0176360607515
0.39 40.3363515735527
0.4 27.3970556438535
0.41 19.4021779020313
0.42 24.0110370636245
0.43 0.920283284740751
0.44 3.50557318168526
0.45 33.8076679611447
0.46 36.5359890705154
0.47 16.4486513840367
0.48 28.1745146839515
0.49 31.0179731738155
0.5 12.7757923134174
0.51 6.56891035155587
0.52 41.964008616204
0.53 30.9073601268321
0.54 30.8506524873357
0.55 18.1713003245389
0.56 18.9875460503243
0.57 14.3106840961085
0.58 22.1588775567067
0.59 36.9614105498348
0.6 7.35639645863032
0.61 8.96039844071196
0.62 17.0454197208349
0.63 25.9875516836419
0.64 6.79524024326404
0.65 48.7174851599374
0.66 46.2660380326348
0.67 30.2168843272706
0.68 28.1399781087414
0.69 9.75241745194716
0.7 2.83116647471674
0.71 1.69308807445063
0.72 21.006539858914
0.73 13.9364680874561
0.74 3.51750359902506
0.75 28.804878202348
0.76 35.6249122649908
0.77 29.5387140350813
0.78 31.4132399613396
0.79 2.80182261103005
0.8 35.4650485714103
0.81 11.3972436059277
0.82 9.43181687509823
0.83 27.0712614415062
0.84 20.3895315277712
0.85 36.0541562197782
0.86 23.3480825748895
0.87 46.5892899292923
0.88 29.8147759258316
0.89 11.0688804086348
0.9 32.495697993574
0.91 36.5445923928608
0.92 63.290816348952
0.93 56.0964926301471
0.94 61.6674331065577
0.95 6.86983162283779
0.96 0.682976835246292
0.97 57.0402654068957
0.98 85.0581115699289
0.99 87.2496428794126
