0.01 2.91866364322375
0.02 2.07828793984051
0.03 1.93114438100419
0.04 10.1695288496404
0.05 10.7075677200907
0.06 11.0290862915801
0.07 1.078000108039
0.08 1.21769061833944
0.09 7.93942586989943
0.1 8.29314408352796
0.11 8.69091435677638
0.12 9.59752322369721
0.13 14.1761408155683
0.14 13.1508086742689
0.15 13.9735085855574
0.16 12.1987837466959
0.17 12.4116291604479
0.18 15.5341321554022
0.19 16.3449604947012
0.2 4.99993213825215
0.21 5.32972730008141
0.22 16.7254040094947
0.23 17.1909834066862
0.24 16.7736783608157
0.25 12.6065520121972
0.26 14.8803309818147
0.27 5.93094267721196
0.28 3.6247545474115
0.29 16.4335694216848
0.3 12.9817719130391
0.31 16.0099320513954
0.32 15.5057083538087
0.33 16.4106945589874
0.34 4.17971176767064
0.35 3.49296444286816
0.36 16.1199499527201
0.37 17.8702344363132
0.38 7.41309287003334
0.39 17.1087233788062
0.4 10.7774135752778
0.41 8.25050815321711
0.42 7.71625073091564
0.43 0.78975520709302
0.44 1.98217080496154
0.45 14.834670987795
0.46 16.2000370568447
0.47 9.55179752091333
0.48 15.6263135914585
0.49 15.6111173554635
0.5 5.2508291693674
0.51 3.82126670597533
0.52 23.9128524755732
0.53 14.5248903416205
0.54 14.8264991520303
0.55 12.0858014984972
0.56 12.7502692844343
0.57 7.17467492114427
0.58 12.3890596861383
0.59 24.4639843285123
0.6 4.13715033021192
0.61 6.01611631941856
0.62 11.9065177892241
0.63 17.1379593847073
0.64 4.52182612267303
0.65 32.5366861927049
0.66 31.3618241195372
0.67 21.1946108598991
0.68 20.4576135194273
0.69 6.89062701613369
0.7 2.1439159756542
0.71 0.634171256059002
0.72 15.1122261217542
0.73 9.58580616012122
0.74 2.76163554715489
0.75 22.4259069145783
0.76 27.1418814072955
0.77 22.8419715149504
0.78 24.7373866581583
0.79 1.73938631398678
0.8 28.6110674148889
0.81 9.44614532124585
0.82 6.95426863057529
0.83 23.527147027302
0.84 17.7055345446066
0.85 30.8016911195452
0.86 20.1741998243762
0.87 41.1457912090614
0.88 26.6438847256415
0.89 9.67884414235177
0.9 29.4470709967941
0.91 33.6395214692244
0.92 58.7079658922497
0.93 52.1538855946347
0.94 58.1308881564673
0.95 6.26373031947526
0.96 0.696806166608812
0.97 55.2016201287562
0.98 83.4636892112999
0.99 86.4274079684407
