0.01 100
0.02 145.000000000073
0.03 115.555555555647
0.04 40.000000000012
0.05 61.9999999999939
0.06 21.6666666666758
0.07 70.8163265306147
0.08 72.5000000000108
0.09 32.5925925925933
0.1 27.9999999999993
0.11 32.3966942148714
0.12 10.0000000000024
0.13 58.8165680473376
0.14 25.4081632653074
0.15 31.9999999999997
0.16 54.0624999999993
0.17 54.0484429065747
0.18 51.9135802469133
0.19 48.3933518005541
0.2 34
0.21 28.9795918367337
0.22 24.2561983471074
0.23 33.0434782608699
0.24 34.0277777777782
0.25 20.7999999999997
0.26 35.4142011834317
0.27 9.14951989026078
0.28 20.3061224489795
0.29 8.90606420927477
0.3 9.66666666666629
0.31 17.4297606659732
0.32 16.3281250000002
0.33 17.5573921028467
0.34 28.4602076124569
0.35 22.5714285714282
0.36 20.9876543209877
0.37 24.0686632578527
0.38 4.33518005540148
0.39 12.1696252465483
0.4 1.62499999999988
0.41 9.85722784057115
0.42 7.60770975056696
0.43 42.1146565711194
0.44 34.793388429752
0.45 15.8024691358027
0.46 27.0132325141777
0.47 5.32820280669978
0.48 9.7222222222224
0.49 18.8588088296545
0.5 1.2000000000002
0.51 13.7870049980775
0.52 25.9763313609468
0.53 27.3834104663582
0.54 28.5390946502059
0.55 0.0330578512397869
0.56 5.15306122448996
0.57 4.44444444444454
0.58 13.2282996432819
0.59 31.3329503016376
0.6 10.222222222222
0.61 5.85864015049697
0.62 10.6347554630595
0.63 20.1083396321493
0.64 1.77734374999979
0.65 48.8875739644972
0.66 45.0505050505052
0.67 26.70750723992
0.68 23.3217993079587
0.69 3.82902751522813
0.7 15.7755102040814
0.71 4.70144812537168
0.72 20.16975308642
0.73 12.8035278663917
0.74 2.12929145361549
0.75 26.977777777778
0.76 37.0083102493077
0.77 30.4452690166978
0.78 31.7652859960554
0.79 0.467873738183317
0.8 35.3437500000002
0.81 2.49504648681643
0.82 25.7644259369418
0.83 24.8831470460157
0.84 17.5736961451251
0.85 36.3875432525955
0.86 18.6614386154682
0.87 46.8423834059984
0.88 28.5330578512401
0.89 13.6636788284313
0.9 31.876543209877
0.91 35.8447047458042
0.92 63.0907372400759
0.93 58.4969360619729
0.94 63.868266183794
0.95 24.0387811634332
0.96 6.80989583333152
0.97 59.2454033372312
0.98 85.2144939608501
0.99 87.0717273747585
