0.01 28.7000000000013
0.02 12.7000000000007
0.03 19.6333333333348
0.04 4.00000000000076
0.05 6.89999999999926
0.06 4.43333333333401
0.07 31.5285714285716
0.08 27.6500000000006
0.09 16.0777777777779
0.1 11.7999999999999
0.11 3.71818181818219
0.12 5.39999999999974
0.13 26.3846153846155
0.14 20.1428571428573
0.15 19.5333333333333
0.16 7.59999999999977
0.17 6.74705882352953
0.18 12.0777777777777
0.19 14.7368421052632
0.2 18
0.21 15.1142857142855
0.22 9.94545454545453
0.23 12.2869565217392
0.24 12.6000000000001
0.25 11.7999999999999
0.26 18.3153846153845
0.27 9.77037037037042
0.28 14.6857142857143
0.29 2.33793103448278
0.3 4.53333333333323
0.31 12.7483870967743
0.32 12.8750000000001
0.33 14.1181818181819
0.34 12.3941176470586
0.35 10.6857142857142
0.36 7.73333333333333
0.37 10.6081081081082
0.38 4.09473684210521
0.39 8.34358974358975
0.4 1.09999999999996
0.41 2.74634146341451
0.42 1.40000000000004
0.43 21.6883720930232
0.44 17.6
0.45 10.4111111111112
0.46 15.4782608695653
0.47 0.136170212765805
0.48 8.0250000000001
0.49 11.2183673469389
0.5 0.200000000000111
0.51 8.08823529411757
0.52 15.5384615384616
0.53 12.6509433962265
0.54 14.1333333333334
0.55 0.963636363636208
0.56 2.33571428571438
0.57 3.13684210526328
0.58 9.70000000000012
0.59 20.849152542373
0.6 8.1333333333332
0.61 5.49180327868839
0.62 6.90000000000012
0.63 13.7841269841271
0.64 0.912499999999882
0.65 34.8461538461539
0.66 32.0000000000001
0.67 19.3223880597016
0.68 16.8000000000002
0.69 2.19275362318861
0.7 10.7857142857141
0.71 3.90985915492938
0.72 15.7666666666669
0.73 8.53287671232898
0.74 1.68108108108088
0.75 21.4666666666669
0.76 29.5157894736844
0.77 23.6818181818184
0.78 25.2282051282053
0.79 0.348101265822487
0.8 28.7750000000002
0.81 2.41975308642006
0.82 21.7414634146337
0.83 21.7385542168678
0.84 15.4095238095241
0.85 31.5823529411768
0.86 16.1465116279074
0.87 41.1563218390807
0.88 25.136363636364
0.89 11.666292134832
0.9 28.8666666666671
0.91 32.9549450549455
0.92 58.5043478260873
0.93 54.4096774193553
0.94 60.329787234043
0.95 22.96842105263
0.96 6.43333333333159
0.97 57.502061855671
0.98 83.6244897959189
0.99 86.2444444444454
