0.01 1.03937567921589
0.02 1.99934177260778
0.03 2.93691454620548
0.04 3.51760375960039
0.05 4.07316990379961
0.06 5.09515207346073
0.07 5.67273903377475
0.08 6.08123363086384
0.09 6.84844261013831
0.1 7.2236267640274
0.11 7.86746005347517
0.12 8.39539256791159
0.13 8.81907552803832
0.14 9.18934449099691
0.15 9.65243157882904
0.16 9.71812632742947
0.17 9.93210978939354
0.18 10.0227216452011
0.19 10.7020570442561
0.2 10.8145192909421
0.21 10.8915247193145
0.22 10.8171699424926
0.23 11.0266641428617
0.24 11.1648398974706
0.25 11.1785122610361
0.26 11.1585391459856
0.27 11.3037637034123
0.28 11.3046311250401
0.29 11.2917237090579
0.3 11.0724479768925
0.31 11.1752365323075
0.32 11.2885763917443
0.33 11.1639874217135
0.34 10.9761019232272
0.35 10.938118353119
0.36 11.1887016485725
0.37 10.8527326949727
0.38 10.2765827021162
0.39 10.2732697382079
0.4 10.2544631883071
0.41 10.2805505156022
0.42 9.54420826318079
0.43 10.1454882594461
0.44 9.41953128403143
0.45 9.46850186861494
0.46 9.11668058772687
0.47 9.51169880666052
0.48 8.87021094521037
0.49 8.5544828637823
0.5 7.92324741085623
0.51 7.75787681241441
0.52 7.75704741672881
0.53 7.33193796053347
0.54 7.95152104543734
0.55 7.41239739284936
0.56 6.49661781346308
0.57 6.96501453474113
0.58 6.27797400466239
0.59 5.69470117656831
0.6 5.13294300977856
0.61 5.28750968443685
0.62 4.46974940383851
0.63 4.67151083302121
0.64 3.8518891801574
0.65 3.89860184597939
0.66 3.6750016114896
0.67 3.63626271802254
0.68 3.63986886112417
0.69 3.2299174591877
0.7 2.74104975205757
0.71 2.49206232408822
0.72 2.14903944389879
0.73 2.31083390292252
0.74 1.22368262373185
0.75 1.11028553641421
0.76 0.121482383335419
0.77 0.270482844422597
0.78 0.0849487913957377
0.79 1.21470476277646
0.8 0.151567432439032
0.81 0.798909428425313
0.82 1.30059958580611
0.83 1.38609930159593
0.84 1.1254567864509
0.85 1.39078050608229
0.86 0.474277825517357
0.87 0.989817815049147
0.88 0.74037355824036
0.89 1.0410552262013
0.9 0.794991475085452
0.91 1.08715018624547
0.92 1.34575432312313
0.93 0.0903482532184718
0.94 1.0194520931601
0.95 0.593815783016583
0.96 0.551830632326736
0.97 0.279186474627795
0.98 0.453687911925161
0.99 0.0337961177557513
