0.01 97.1144226038953
0.02 94.3608770560532
0.03 91.5047331866973
0.04 88.3055928296499
0.05 86.1554064365843
0.06 83.1927139561629
0.07 80.9198062080012
0.08 77.595817812761
0.09 76.1685667871123
0.1 73.2281787659863
0.11 71.3447361325848
0.12 69.298956562657
0.13 67.6291368595021
0.14 65.0139523272717
0.15 63.2560584673329
0.16 61.357816248978
0.17 58.7925785658127
0.18 56.5923073314518
0.19 55.7428766209223
0.2 53.6900734402537
0.21 51.5995987489883
0.22 49.2465450345405
0.23 47.8477318333849
0.24 46.4743294936815
0.25 44.8233903402678
0.26 43.1430513975607
0.27 41.7269768249495
0.28 40.6899105762875
0.29 39.1737576928257
0.3 37.3405207037644
0.31 36.2496144856225
0.32 35.2355350464533
0.33 33.8393632007564
0.34 32.176701048334
0.35 31.1285911429799
0.36 30.8810117552063
0.37 29.3479274725199
0.38 27.196723564934
0.39 26.4334193199907
0.4 25.7677002840548
0.41 24.9240768152174
0.42 22.8190593042057
0.43 23.6051289007701
0.44 21.2664096603362
0.45 20.9148741060866
0.46 19.6891203392869
0.47 19.9488568124694
0.48 18.1281714150513
0.49 17.2828737156139
0.5 15.8374630692997
0.51 15.2735181286058
0.52 14.7826447464031
0.53 13.7437422560057
0.54 14.3994958829145
0.55 13.3064338935649
0.56 11.4765885448019
0.57 11.9010184499204
0.58 10.595009380695
0.59 9.43671051624852
0.6 8.41049114136831
0.61 8.3135036907601
0.62 6.84699886706696
0.63 7.08480212067577
0.64 5.70996189056719
0.65 5.63653274912993
0.66 5.04246640265147
0.67 4.96054060873223
0.68 4.74695967199608
0.69 4.0624337576776
0.7 3.24813731762163
0.71 2.76091200144436
0.72 2.19191949436886
0.73 2.26114731904865
0.74 0.736051198378359
0.75 0.480802124347066
0.76 0.90765328970247
0.77 0.833408491089723
0.78 1.17948175175739
0.79 0.156289340462407
0.8 1.23466299043004
0.81 2.53392782284722
0.82 3.26446550005792
0.83 3.3487597379179
0.84 3.17261580247402
0.85 3.5503448558713
0.86 2.63294858169311
0.87 3.27391260369656
0.88 3.0936899591442
0.89 3.55004182651133
0.9 3.34699486002891
0.91 3.8272029777386
0.92 4.21525247802555
0.93 2.92588384262303
0.94 4.08223850322096
0.95 3.6858573904565
0.96 3.7692375463277
0.97 3.60575211404234
0.98 2.89398800427069
0.99 3.50684449821574
