0.01 5.94999999990595
0.02 2.16500000003065
0.03 2.67666666662557
0.04 5.00000000029401
0.05 4.77199999806688
0.06 0.632222232720947
0.07 1.749591878739
0.08 4.21875014155122
0.09 1.7199996188653
0.1 1.09700100086132
0.11 0.0698370207844632
0.12 0.779995044289823
0.13 1.04135090391915
0.14 0.0995723108465552
0.15 2.17818706062176
0.16 1.23431228695282
0.17 0.52775590095935
0.18 1.05252648227382
0.19 1.39960570600742
0.2 0.493551663736424
0.21 0.0025070668323311
0.22 1.3978271757652
0.23 1.10589027373833
0.24 0.476594077265496
0.25 0.209153708325114
0.26 0.0134803864489305
0.27 0.290517004919643
0.28 0.0907110884955705
0.29 0.340503966161338
0.3 0.395993731186159
0.31 0.0117868784025835
0.32 0.55703171949345
0.33 0.174614621387014
0.34 0.728658100165863
0.35 0.0422959284192047
0.36 1.21381315996515
0.37 0.801394453317503
0.38 0.893312693435821
0.39 0.231720375484081
0.4 0.468914028742982
0.41 0.340775725892289
0.42 1.17693925025736
0.43 1.30430456152902
0.44 0.748618103877561
0.45 0.0501905146512921
0.46 0.037735448668292
0.47 1.4037171230853
0.48 0.012780423431255
0.49 0.156882504902229
0.5 0.623646123456742
0.51 0.257188129171973
0.52 0.175015544248351
0.53 0.680704068806463
0.54 1.48691417654035
0.55 1.19679826773114
0.56 0.206499887035436
0.57 0.886006599402266
0.58 0.283065553194775
0.59 0.0693128239170325
0.6 0.715856573366679
0.61 0.0207569448161115
0.62 0.78410666461606
0.63 0.493999543081634
0.64 0.586760764272818
0.65 0.0387796758995344
0.66 0.269070339014194
0.67 0.431092731315448
0.68 0.904696289338008
0.69 1.06022351653105
0.7 0.657472734644147
0.71 0.608134972232595
0.72 0.537391007288744
0.73 1.35659900654975
0.74 0.272935876040266
0.75 0.537889421421871
0.76 0.474109761562152
0.77 0.0489728901834966
0.78 0.224240014010908
0.79 2.35828717011773
0.8 1.07150965320602
0.81 0.41629511798392
0.82 0.255252930421353
0.83 0.497278255560986
0.84 1.0104508322275
0.85 1.02569393315242
0.86 2.31490439352265
0.87 2.05391043920438
0.88 2.68407465656676
0.89 2.64588855781964
0.9 3.16140988787582
0.91 2.87148459509401
0.92 2.8100490439069
0.93 4.18879611704024
0.94 3.46685801078851
0.95 4.33043879205087
0.96 4.40062682470332
0.97 4.79191902159246
0.98 5.73963684878992
0.99 5.16279282245699
