0.01 0.207999999998993
0.02 0.0188000000006011
0.03 0.106166666665408
0.04 1.10960000001132
0.05 0.496999999899009
0.06 0.347466666042889
0.07 0.54362857433402
0.08 0.929750010966714
0.09 0.82415552094075
0.1 0.20780009920582
0.11 0.244745709094059
0.12 0.194066068469619
0.13 0.208990991143511
0.14 0.430425846857534
0.15 0.879227989057533
0.16 0.0951148501758285
0.17 0.270853749995273
0.18 0.591710173956117
0.19 0.225850758734372
0.2 0.371910223133738
0.21 0.0397259581335765
0.22 0.570592820805089
0.23 0.390273991117357
0.24 0.102030593161182
0.25 0.255388790850357
0.26 0.0783594921567481
0.27 0.106825443232288
0.28 0.0889133483202186
0.29 0.242946392986641
0.3 0.248291403654396
0.31 0.0108152157057113
0.32 0.291915322766884
0.33 0.0811637916719202
0.34 0.196611072397113
0.35 0.0746099485007235
0.36 0.615307572968418
0.37 0.270287609893117
0.38 0.493308600679403
0.39 0.143345749730896
0.4 0.178964940868327
0.41 0.161146924714059
0.42 0.615226142597632
0.43 0.684748569621438
0.44 0.345261573011431
0.45 0.000741429725372258
0.46 0.0421255747836229
0.47 0.874408612754228
0.48 0.125571021224665
0.49 0.157434081087218
0.5 0.295258398821095
0.51 0.135283282076933
0.52 0.0868267827915337
0.53 0.373422424522333
0.54 1.08253701424057
0.55 0.824979732607655
0.56 0.019228982305917
0.57 0.748518915765075
0.58 0.377880203365861
0.59 0.080994256638837
0.6 0.35103926194572
0.61 0.253891325448239
0.62 0.312424588199316
0.63 0.506410821526314
0.64 0.194942687159871
0.65 0.338599492118423
0.66 0.19627937526682
0.67 0.658231055858531
0.68 1.07374402196487
0.69 1.17600714396008
0.7 0.984628202330241
0.71 0.947904259876822
0.72 0.951508356724853
0.73 1.6185380255637
0.74 0.874424232582202
0.75 1.15137972606568
0.76 0.45144406854671
0.77 0.877026380425941
0.78 1.12072797412484
0.79 2.81674189337747
0.8 1.86323030936523
0.81 1.48659168740318
0.82 1.00308760593318
0.83 1.67816396893056
0.84 2.20926210563468
0.85 2.26687836989001
0.86 3.467108424189
0.87 3.29804902492991
0.88 3.92148077272113
0.89 3.99613625341273
0.9 4.51543722936728
0.91 4.4349340434194
0.92 4.48376610663667
0.93 5.68536244457497
0.94 5.28118423334
0.95 6.10265582976199
0.96 6.30548200009962
0.97 6.74208418726683
0.98 7.61993945549935
0.99 7.29976561242667
