0.01 0.00010101010101
0.02 0.000408163265306
0.03 0.000927835051546
0.04 0.001666666666667
0.05 0.002631578947368
0.06 0.003829787234043
0.07 0.005268817204301
0.08 0.00695652173913
0.09 0.008901098901099
0.1 0.011111111111111
0.11 0.013595505617978
0.12 0.016363636363636
0.13 0.019425287356322
0.14 0.022790697674419
0.15 0.026470588235294
0.16 0.03047619047619
0.17 0.034819277108432
0.18 0.039512195121946
0.19 0.044567901234553
0.2 0.049999999999956
0.21 0.055822784810004
0.22 0.062051282050956
0.23 0.06870129870047
0.24 0.075789473682184
0.25 0.083333333328559
0.26 0.091351351340471
0.27 0.099863013674594
0.28 0.108888888837302
0.29 0.118450704117562
0.3 0.128571428351761
0.31 0.139275361881505
0.32 0.150588234442257
0.33 0.162537311807242
0.34 0.175151512108693
0.35 0.188461532868495
0.36 0.202499989894174
0.37 0.217301569335418
0.38 0.232903194352528
0.39 0.249344208023055
0.4 0.26666657430769
0.41 0.284915099112826
0.42 0.304137673725826
0.43 0.324385543160553
0.44 0.345713602234751
0.45 0.368180722505925
0.46 0.391850113515565
0.47 0.416789722127816
0.48 0.443072674090265
0.49 0.470777762280319
0.5 0.499989986414904
0.51 0.530801149272968
0.52 0.563310514681447
0.53 0.597625532609728
0.54 0.633862636659032
0.55 0.672148118963512
0.56 0.71261908696755
0.57 0.75542450562143
0.58 0.800726327140677
0.59 0.848700708479248
0.6 0.899539313930506
0.61 0.953450696629952
0.62 1.01066174801036
0.63 1.0714191982602
0.64 1.1359911433614
0.65 1.20466856514098
0.66 1.27776679979314
0.67 1.3556268973963
0.68 1.43861680002325
0.69 1.52713224921093
0.7 1.62159731508313
0.71 1.72246441981314
0.72 1.83021370819529
0.73 1.94535159907602
0.74 2.0684083349492
0.75 2.19993433533666
0.76 2.34049515537831
0.77 2.49066485757091
0.78 2.65101762542088
0.79 2.82211748665099
0.8 3.00450607401576
0.81 3.19868843645021
0.82 3.40511702344469
0.83 3.62417410018907
0.84 3.85615300607018
0.85 4.10123883667511
0.86 4.35948929754225
0.87 4.63081663050081
0.88 4.9149716314204
0.89 5.21153084104962
0.9 5.51988797906105
0.91 5.83925059056673
0.92 6.16864267714947
0.93 6.50691379449793
0.94 6.85275473203754
0.95 7.20471947470395
0.96 7.56125272116986
0.97 7.92072183961148
0.98 8.28145182392515
0.99 8.64176160542569
