0.01 2.34870444780028
0.02 3.50277936017206
0.03 4.97490647559571
0.04 6.19294997471126
0.05 6.12757464049775
0.06 7.45083300172794
0.07 8.23806144328991
0.08 8.09205960236813
0.09 7.80408964753526
0.1 8.64274884888402
0.11 9.02738304817834
0.12 9.07675001060071
0.13 8.79078687517316
0.14 8.82217383828206
0.15 7.93199562242497
0.16 8.84744282408282
0.17 9.03866173032322
0.18 9.57455051550561
0.19 9.24603119960265
0.2 10.3961353748009
0.21 10.641430459161
0.22 9.135695750332
0.23 9.02796887015963
0.24 14.3791589972982
0.25 14.748423889054
0.26 13.4504532336671
0.27 13.7302130318495
0.28 11.6388925613403
0.29 8.97463635090033
0.3 6.16368584460796
0.31 8.62759726781166
0.32 8.96289827993815
0.33 7.09723013834851
0.34 4.73782801448932
0.35 7.91685339381872
0.36 6.33232301708773
0.37 6.45018868093136
0.38 3.59620821395376
0.39 1.20204916402561
0.4 0.726626326393691
0.41 4.60443772188756
0.42 3.06610543983411
0.43 0.67671347937636
0.44 1.16644326876235
0.45 2.49351608094232
0.46 5.44421104233849
0.47 7.69609591683491
0.48 2.28311697022159
0.49 0.472937737769662
0.5 17.1394026496663
0.51 14.693417171786
0.52 10.988165768514
0.53 17.7733512261799
0.54 20.7566730409379
0.55 21.8487131782948
0.56 13.889551502584
0.57 2.03492288526335
0.58 3.35277769847334
0.59 15.409282738351
0.6 19.4077099592832
0.61 11.2522620199599
0.62 20.8765785569933
0.63 16.2596263940668
0.64 24.9526768315275
0.65 23.1290331307857
0.66 18.2751118830726
0.67 24.6680042318849
0.68 2.81472492262718
0.69 25.787389113079
0.7 11.397152333969
0.71 11.9803654976708
0.72 20.0691202458064
0.73 4.92481041132204
0.74 7.7143719437582
0.75 29.4573234495553
0.76 13.6555725703969
0.77 20.9395401164113
0.78 1.70440988313335
0.79 18.9105140307529
0.8 9.2997726207044
0.81 35.0184187251285
0.82 1.64263608820178
0.83 45.4743786777571
0.84 9.09771505898614
0.85 1.05709385985549
0.86 21.2853326841523
0.87 8.24845201926193
0.88 4.66867863381
0.89 7.26978518404395
0.9 23.2049979609644
0.91 11.2345698792422
0.92 2.79118069604073
0.93 1.14275009294002
0.94 19.3910396619689
0.95 19.1691216223995
0.96 36.1219014767914
0.97 14.8193700396559
0.98 19.4790984137698
0.99 21.7066738946092
