0.01 100
0.02 100
0.03 91.3002107439994
0.04 90.0141989741873
0.05 86.6202778888469
0.06 84.6859215704159
0.07 82.0969101595913
0.08 75.229412418498
0.09 68.5412038164408
0.1 63.8380859726107
0.11 63.2060567323905
0.12 61.115768133921
0.13 50.6660386224078
0.14 48.4442959224982
0.15 40.241887376764
0.16 43.2806892582819
0.17 42.8135909109099
0.18 44.7602629080456
0.19 43.38730836953
0.2 44.7633133505287
0.21 44.5116221949546
0.22 36.3524043029662
0.23 33.480398247415
0.24 50.1349883119168
0.25 47.0681732578168
0.26 41.8186605810915
0.27 41.8257445225722
0.28 34.7949404743309
0.29 26.1572154486011
0.3 16.4096708423981
0.31 33.2172454003384
0.32 34.3451829608725
0.33 30.2090578339034
0.34 23.8574162639131
0.35 27.7818245712738
0.36 21.7833277143817
0.37 21.7651379705255
0.38 15.0458608875556
0.39 3.77186729781752
0.4 6.64995455691899
0.41 3.95571763736535
0.42 1.58018703593889
0.43 5.23194339339586
0.44 8.14859497208463
0.45 9.98074616394078
0.46 15.9969755502162
0.47 18.6672851241348
0.48 2.29821288071556
0.49 3.01956367038787
0.5 32.7113177244534
0.51 28.3081055755448
0.52 21.3927049569234
0.53 32.233876357335
0.54 37.4402052049811
0.55 39.1355357178669
0.56 25.8397810634934
0.57 5.87945020369466
0.58 7.28362772077646
0.59 25.8753000313816
0.6 31.1070625405353
0.61 18.2280228656801
0.62 32.3442739088611
0.63 24.9791018701524
0.64 37.5107827504403
0.65 33.7502084954958
0.66 26.4535351239782
0.67 35.4984014224456
0.68 4.28881627031793
0.69 35.9031829168625
0.7 16.7685031721456
0.71 16.8658425438069
0.72 26.4707887806213
0.73 6.32202402367405
0.74 10.7109707699596
0.75 38.269029218192
0.76 17.9776720282516
0.77 26.8472344902952
0.78 1.46483614995297
0.79 23.715797543399
0.8 11.5788939792501
0.81 42.3911409618483
0.82 2.01120072620819
0.83 54.2705848887598
0.84 10.7990977319913
0.85 0.704923155686357
0.86 24.4868783920096
0.87 9.41602628171983
0.88 5.55322964508607
0.89 8.73862212934054
0.9 25.5492947351405
0.91 11.4657383366591
0.92 3.01643869222171
0.93 1.34376252049564
0.94 20.6402592832795
0.95 19.8025426926669
0.96 38.0374980277981
0.97 15.25591789822
0.98 21.4009632420641
0.99 22.0638343733178
