0.01 8.90000000000109
0.02 26.4999999999996
0.03 6.23333333333214
0.04 8.80000000000073
0.05 2.60000000000082
0.06 1.83333333333261
0.07 2.30000000000011
0.08 4.65000000000052
0.09 14.2555555555555
0.1 10.7000000000001
0.11 9.22727272727232
0.12 7.80000000000029
0.13 7.07692307692297
0.14 4.42857142857118
0.15 9.36666666666675
0.16 3.42500000000027
0.17 2.52941176470674
0.18 0.677777777780172
0.19 1.88947368421699
0.2 0.800000000017739
0.21 0.442857142903472
0.22 6.00909090921346
0.23 9.1391304350854
0.24 5.31666666605936
0.25 2.49999999860351
0.26 3.23076922777256
0.27 4.5592592530569
0.28 0.0285714418404235
0.29 7.47931037319137
0.3 11.5333333905006
0.31 3.50000010074942
0.32 0.124999819205894
0.33 0.0939397242942474
0.34 5.40588297553713
0.35 1.58571534089333
0.36 5.24444633525698
0.37 5.05675997055283
0.38 11.1105320179329
0.39 16.9948817262182
0.4 15.6500160219757
0.41 19.7268559946655
0.42 15.8619459312461
0.43 8.83029340148287
0.44 6.6546382316067
0.45 6.08903095901459
0.46 0.451970769796197
0.47 3.47204318673624
0.48 9.95883948144537
0.49 5.43541282593138
0.5 17.0991698654829
0.51 14.0085499881332
0.52 6.58264770026867
0.53 12.9143521850466
0.54 20.6891870543091
0.55 18.9950886771723
0.56 6.80636396660918
0.57 6.45645934684508
0.58 2.84442123593415
0.59 10.683299700444
0.6 17.4413109080131
0.61 9.30318410062267
0.62 20.1551148428776
0.63 13.8954114601474
0.64 24.4365601136945
0.65 21.1718995254082
0.66 14.2827712716871
0.67 24.4678276159035
0.68 5.30455531059315
0.69 27.8347062711557
0.7 9.97577459184996
0.71 8.48787008481705
0.72 32.1457879851508
0.73 0.0505204279127904
0.74 5.67610959437227
0.75 32.2696788173769
0.76 13.5621935950746
0.77 22.1631136328825
0.78 4.48795055549244
0.79 23.7012635888748
0.8 11.4471120703475
0.81 35.864309717303
0.82 0.0208982745427725
0.83 48.9018626392851
0.84 9.33004111032641
0.85 3.67102394613932
0.86 21.3337098513081
0.87 5.94790540162759
0.88 8.68042849169737
0.89 11.2671586337851
0.9 21.4316508878133
0.91 10.7011968347449
0.92 4.89011356527934
0.93 3.11841445129448
0.94 22.7744205106466
0.95 21.6772567123546
0.96 40.4782352317832
0.97 20.0852289816944
0.98 16.34245045863
0.99 23.8041772559461
