0.01 100
0.02 100
0.03 7.77777777782328
0.04 40.000000000012
0.05 52.0000000000243
0.06 82.7777777777565
0.07 51.8367346938797
0.08 58.1250000000099
0.09 113.456790123454
0.1 98.000000000002
0.11 69.1735537190024
0.12 65.0000000000037
0.13 49.2899408284011
0.14 44.7959183673444
0.15 77.5555555555564
0.16 60.7812500000025
0.17 52.2145328719799
0.18 44.2592592592783
0.19 34.6260387812084
0.2 30.0000000001144
0.21 16.4399092973078
0.22 35.3719008271576
0.23 42.6465028372594
0.24 4.99999999745981
0.25 2.0000000058438
0.26 3.99408285262285
0.27 0.864197507003095
0.28 7.44897964274147
0.29 27.4791915547694
0.3 40.7777780183002
0.31 6.26430834616527
0.32 2.38281194779059
0.33 4.63728095625252
0.34 5.62283920517646
0.35 0.775507259359311
0.36 9.13580791559252
0.37 9.06501997423511
0.38 21.0803487620517
0.39 31.5450647923903
0.4 31.6250455878294
0.41 37.584845878866
0.42 31.8481841093759
0.43 18.9942055490898
0.44 9.91757267970249
0.45 10.5435388441475
0.46 3.27934408396045
0.47 7.62728072216405
0.48 20.2962924974729
0.49 11.517586866687
0.5 27.798554009353
0.51 23.3234516244995
0.52 12.6591840242452
0.53 19.8494753213958
0.54 34.2128758057224
0.55 32.0090338562997
0.56 13.4179800564203
0.57 6.6949766657312
0.58 1.40793083444381
0.59 17.8744646921615
0.6 26.5179420439354
0.61 14.9405414599261
0.62 29.6500534031581
0.63 19.732631131074
0.64 33.1860988146335
0.65 28.1130075890496
0.66 19.1558271691493
0.67 32.3560190668063
0.68 8.99358327906787
0.69 35.6309841202086
0.7 13.9120429581846
0.71 10.6512748654071
0.72 42.3331050540924
0.73 1.52406387298101
0.74 7.56177261067957
0.75 40.3164004075118
0.76 17.0261046882578
0.77 27.8505899925622
0.78 5.01627651600424
0.79 29.095793868788
0.8 13.8959970035185
0.81 42.6327372466318
0.82 0.760120030445543
0.83 57.7007075923857
0.84 10.6622586142966
0.85 3.50531068903664
0.86 24.9917049474575
0.87 6.91418803738208
0.88 9.80734793051684
0.89 13.1529329837435
0.9 24.6180354423099
0.91 11.7009979272086
0.92 5.27900048994158
0.93 3.24137987929512
0.94 25.037445511017
0.95 22.953280561585
0.96 44.1494662891438
0.97 21.812681654482
0.98 19.1337003434239
0.99 25.2814380352033
