0.01 1.00179705043627
0.02 1.8533493066612
0.03 2.7459160347487
0.04 3.61548502594838
0.05 4.29113813424634
0.06 4.98536416251749
0.07 5.64638811354189
0.08 6.29055735167843
0.09 6.86646857121115
0.1 7.40702449872044
0.11 7.78805633380195
0.12 8.32863039483208
0.13 8.75916216936901
0.14 9.05497922459184
0.15 9.37556646098133
0.16 9.76947061633703
0.17 10.0633379025829
0.18 10.2795747962183
0.19 10.3900365401377
0.2 10.7030472267082
0.21 10.7889492706366
0.22 11.0662212891191
0.23 11.0590473621261
0.24 11.302510121646
0.25 11.3112214093822
0.26 11.2735014121309
0.27 11.3187204738554
0.28 11.4108217388998
0.29 11.3037288933541
0.3 11.2926296000342
0.31 11.432790100957
0.32 11.1254795395177
0.33 11.0283566964321
0.34 11.1364718801403
0.35 10.940319887656
0.36 10.9795215380304
0.37 10.825972702767
0.38 10.6204102938853
0.39 10.4128209562833
0.4 10.3255871814029
0.41 10.251631232952
0.42 10.0495294227182
0.43 9.79164399180725
0.44 9.5964553123553
0.45 9.34922690221756
0.46 9.14322118687253
0.47 8.97409116263149
0.48 8.84620867461556
0.49 8.40851723573066
0.5 8.32113595323263
0.51 8.07730533672999
0.52 7.81075864982069
0.53 7.96717712778288
0.54 7.46740365148471
0.55 7.13366209701456
0.56 6.91956115003701
0.57 6.6072411297529
0.58 6.24324431552034
0.59 6.20309962250695
0.6 6.02530749013084
0.61 6.00223311767192
0.62 5.77083889062215
0.63 5.3131150525685
0.64 4.84236942002358
0.65 4.67156925881407
0.66 4.68174049457816
0.67 4.46226641778822
0.68 4.2629634270567
0.69 3.89353117673675
0.7 3.86376146277636
0.71 3.42782935757482
0.72 3.37030775675655
0.73 3.34013861916948
0.74 3.30062578995806
0.75 2.54161977447502
0.76 2.14393090850444
0.77 2.10882662086385
0.78 2.52574830472089
0.79 2.23752319027918
0.8 1.33922410614651
0.81 1.74977400045223
0.82 1.91654192871755
0.83 0.890663676262251
0.84 1.91491071680302
0.85 0.102453069145989
0.86 0.548583980315719
0.87 0.183792034909526
0.88 1.59738502581596
0.89 0.451932468527912
0.9 2.08721316763889
0.91 0.887150790330576
0.92 1.37908633532696
0.93 0.124149120647037
0.94 1.95964882268258
0.95 1.63339356800056
0.96 6.04459123393129
0.97 3.30922264532172
0.98 0.268761031387475
0.99 5.76056553618128
