0.01 97.0972478104375
0.02 93.9368227450064
0.03 91.2384647450208
0.04 88.7982306712457
0.05 86.0316126895873
0.06 83.5638966492941
0.07 80.7255867555469
0.08 78.2729104702147
0.09 76.075037999691
0.1 74.0387640635632
0.11 71.094183895842
0.12 69.0454477442827
0.13 67.1640895363899
0.14 64.8321548737853
0.15 62.8461951425377
0.16 61.0450509697745
0.17 58.9897123042013
0.18 56.9734084608326
0.19 54.9044508226954
0.2 53.4104267952328
0.21 51.6221716719767
0.22 50.0415162164952
0.23 48.2111417345551
0.24 46.8438201771252
0.25 45.0701087370825
0.26 43.4957548229368
0.27 41.8792760158077
0.28 40.5599063991418
0.29 38.9426299693799
0.3 37.5850382277486
0.31 36.7526861551238
0.32 34.7619167513937
0.33 33.5017695384084
0.34 32.7516286209429
0.35 31.2282842095447
0.36 30.3710799472786
0.37 29.2165068247943
0.38 27.8166705011927
0.39 26.687563665136
0.4 25.7209165072575
0.41 25.0169666637773
0.42 23.9319119780228
0.43 22.8025386836728
0.44 21.7020852118445
0.45 20.7871821360034
0.46 19.8785947599303
0.47 19.0869902010156
0.48 18.4074933625503
0.49 17.1623277318009
0.5 16.6404393398215
0.51 15.9070028639617
0.52 15.0498794854391
0.53 14.9993274342571
0.54 13.8414792603189
0.55 13.0203689252477
0.56 12.3241894213408
0.57 11.6395943801036
0.58 10.7796324131558
0.59 10.522886766433
0.6 10.0469906697662
0.61 9.84214142575445
0.62 9.31745080653669
0.63 8.40617951585064
0.64 7.58257195720656
0.65 7.17302910419383
0.66 7.0790914060633
0.67 6.65907303564989
0.68 6.26906353393533
0.69 5.65329043763651
0.7 5.49828042379508
0.71 4.82914703705956
0.72 4.68520183449046
0.73 4.57037340657457
0.74 4.44875945741535
0.75 3.41595188504443
0.76 2.81405838369202
0.77 2.7472484677534
0.78 3.24254486617548
0.79 2.82552500735035
0.8 1.6771834636266
0.81 2.15072141904531
0.82 2.32108527124214
0.83 1.0773279632089
0.84 2.26895378428322
0.85 0.129973947634924
0.86 0.64856410762784
0.87 0.210015733525384
0.88 1.81425565435186
0.89 0.506632752499415
0.9 2.3129909446937
0.91 0.974001849439482
0.92 1.49881642115608
0.93 0.12804912241516
0.94 2.08076327451358
0.95 1.71806779930687
0.96 6.29172152189653
0.97 3.41072079212991
0.98 0.273203077865934
0.99 5.81857878370105
