0.01 0.249579999999004
0.02 0.522520000000605
0.03 0.496526666667932
0.04 0.122080000000789
0.05 0.129620000000794
0.06 0.378800000000698
0.07 0.121674285714385
0.08 0.172360000000499
0.09 0.113548888888796
0.1 0.305739999999889
0.11 0.282772727272347
0.12 0.157493333333597
0.13 0.0434246153847133
0.14 0.208674285714045
0.15 0.0448733333332591
0.16 0.141639999999748
0.17 0.0125588235292792
0.18 0.0370844444445453
0.19 0.199046315789427
0.2 0.109599999999999
0.21 0.0440199999998444
0.22 0.200843636363623
0.23 0.103749565217276
0.24 0.142776666666811
0.25 0.0101600000000979
0.26 0.00738615384604599
0.27 0.0629385185185473
0.28 0.147057142857167
0.29 0.194808275862096
0.3 0.031973333333433
0.31 0.325092903225901
0.32 0.193197499999933
0.33 0.180552121212079
0.34 0.211261176470747
0.35 0.0175571428572338
0.36 0.204088888888896
0.37 0.186750270270392
0.38 0.0783115789473151
0.39 0.0327425641025659
0.4 0.00562999999995095
0.41 0.206335121951333
0.42 0.214452380952408
0.43 0.0280009302325079
0.44 0.0815454545454175
0.45 0.132657777777673
0.46 0.100316521738996
0.47 0.0157361702126189
0.48 0.179933333333434
0.49 0.250783265306037
0.5 0.0601000000001072
0.51 0.0532921568626812
0.52 0.0852430769230139
0.53 0.512741132075554
0.54 0.063943703703803
0.55 0.00828181818197053
0.56 0.0457699999999006
0.57 0.111709824561282
0.58 0.291640689655028
0.59 0.0602498305083733
0.6 0.0759466666667929
0.61 0.330909508196845
0.62 0.276060645161414
0.63 0.00183809523795424
0.64 0.214347499999878
0.65 0.137099999999837
0.66 0.0917933333334714
0.67 0.122564477612107
0.68 0.206531764706074
0.69 0.0315997101447213
0.7 0.0881371428573425
0.71 0.00773859154947763
0.72 0.221720000000215
0.73 0.353755616438588
0.74 0.496004324324529
0.75 0.0391933333330947
0.76 0.413505263157662
0.77 0.209852987012739
0.78 0.479869230769506
0.79 0.314573670886368
0.8 0.488174999999689
0.81 0.0908034567904461
0.82 0.527917073171071
0.83 0.496786265059861
0.84 0.835756190476573
0.85 1.04081882352899
0.86 0.349955348836748
0.87 1.03866574712597
0.88 1.03570000000053
0.89 1.16182629213425
0.9 1.73852222222285
0.91 0.545470329671038
0.92 1.04797739130515
0.93 0.175771612902283
0.94 1.84285446808618
0.95 1.80128736841972
0.96 6.04125166666821
0.97 3.33820907216266
0.98 0.246589387758411
0.99 5.76370767676065
