0.01 3.96999999990397
0.02 3.73300000003112
0.03 1.24644444448719
0.04 0.652000000019872
0.05 0.22719999998403
0.06 2.14600000001142
0.07 1.52942857143002
0.08 0.435250000006277
0.09 0.171876543211001
0.1 1.28079999999901
0.11 1.07752066115353
0.12 0.0266666666688893
0.13 0.203278106509689
0.14 0.505040816324796
0.15 0.337688888888442
0.16 0.390437499998444
0.17 0.275356401384839
0.18 0.248037037037595
0.19 0.611872576177072
0.2 0.303999999999999
0.21 0.100290249433858
0.22 0.383363636363556
0.23 0.0924272211724573
0.24 0.19273611111174
0.25 0.164000000000409
0.26 0.261355029585414
0.27 0.149591220850617
0.28 0.187979591836835
0.29 0.370361474435293
0.3 0.0934666666663225
0.31 0.681500520291652
0.32 0.59311718749976
0.33 0.340036730945716
0.34 0.558439446366694
0.35 0.0222530612247864
0.36 0.365827160493834
0.37 0.314948137326829
0.38 0.25271191135717
0.39 0.0780999342537726
0.4 0.0354499999998675
0.41 0.419231409875019
0.42 0.437344671201888
0.43 0.0599794483505458
0.44 0.245438016528852
0.45 0.167738271604716
0.46 0.158669187145513
0.47 0.0330013580805059
0.48 0.302729166666868
0.49 0.47101957517683
0.5 0.0541200000002017
0.51 0.00409304113815519
0.52 0.148627218934783
0.53 0.815677465290295
0.54 0.0946570644720631
0.55 0.0209785123968111
0.56 0.110551020407989
0.57 0.115355493998061
0.58 0.448243757431501
0.59 0.0842861246766425
0.6 0.0747555555557806
0.61 0.511618382155533
0.62 0.444369406868031
0.63 0.0126873267823529
0.64 0.301572265624797
0.65 0.232411834319296
0.66 0.150648301193977
0.67 0.166670973491026
0.68 0.262906574394747
0.69 0.0350922075191834
0.7 0.100110204081862
0.71 0.0214199563576126
0.72 0.270578703703953
0.73 0.46039857384152
0.74 0.641227903579523
0.75 0.0328977777774654
0.76 0.541783933517702
0.77 0.277470737054835
0.78 0.607934253780715
0.79 0.394129786893468
0.8 0.587737499999614
0.81 0.128997713763557
0.82 0.617229625223471
0.83 0.592901437073179
0.84 0.970140589569613
0.85 1.19623252595106
0.86 0.397600324499221
0.87 1.18672717664104
0.88 1.17744938016587
0.89 1.29855422295099
0.9 1.9217160493834
0.91 0.603297910881118
0.92 1.1393308128553
0.93 0.192768412532252
0.94 1.95065504753397
0.95 1.89374072022021
0.96 6.28453645833493
0.97 3.43967924327537
0.98 0.250679716788034
0.99 5.82172921129788
