0.01 1.00739266749368
0.02 1.00702672760972
0.03 1.00613783026532
0.04 0.99753840018167
0.05 0.997937788539949
0.06 1.00364036098556
0.07 1.01060958545723
0.08 1.0341948907758
0.09 1.03711272033294
0.1 1.04317991482124
0.11 1.05842015945132
0.12 1.03076507977286
0.13 1.0327902229471
0.14 1.04202636886332
0.15 1.04889288457442
0.16 1.06657574181132
0.17 1.07350629970716
0.18 1.08659107073439
0.19 1.09746222854353
0.2 1.10469191652422
0.21 1.12155516720155
0.22 1.12443233844303
0.23 1.16221582341769
0.24 1.15502044249098
0.25 1.21319585445398
0.26 1.22383893667957
0.27 1.22781570940346
0.28 1.2453056538104
0.29 1.26744642882397
0.3 1.29972579244347
0.31 1.3214517015765
0.32 1.33661395807014
0.33 1.36415203505238
0.34 1.35666852626221
0.35 1.3999428928805
0.36 1.41061106577829
0.37 1.40091615674336
0.38 1.43671702573475
0.39 1.45952615705562
0.4 1.48267400203578
0.41 1.43888096914054
0.42 1.47871712191725
0.43 1.48933101732277
0.44 1.54735517336073
0.45 1.60178990793069
0.46 1.69226720041187
0.47 1.67686160756
0.48 1.73081502399578
0.49 1.9950894923681
0.5 2.00999665249725
0.51 1.87442780002936
0.52 1.9528541465606
0.53 1.94396777929887
0.54 1.99755517228994
0.55 2.01080207361665
0.56 2.21499353948523
0.57 2.20929291828447
0.58 2.103430039311
0.59 2.39107829095001
0.6 2.45838865850051
0.61 2.57175551285459
0.62 2.51956015681807
0.63 2.50528710975054
0.64 2.45582779927637
0.65 2.97833211542887
0.66 2.63642202945373
0.67 2.8179235716513
0.68 2.94688343224368
0.69 3.07725318242483
0.7 2.84389870785709
0.71 3.30649516380996
0.72 3.60951879535338
0.73 3.48004751338294
0.74 3.1824103203621
0.75 4.12033132788991
0.76 3.80514920411699
0.77 3.61495911480333
0.78 4.83570771275299
0.79 3.88471269848787
0.8 4.47988394547925
0.81 6.40077963432902
0.82 5.30830619141554
0.83 5.973041396083
0.84 5.9093858502445
0.85 5.06882010162682
0.86 6.03185947316529
0.87 8.6757594420592
0.88 8.58710428148278
0.89 8.13300900094108
0.9 10.8416169600169
0.91 10.658867765039
0.92 18.3036530143428
0.93 17.1816218572137
0.94 21.5497813402875
0.95 11.9326235821416
0.96 34.5001465594501
0.97 33.5905799375225
0.98 31.7863167594538
0.99 42.4040547698126
