0.01 0
0.02 8.0687132098E-05
0.03 0.001315322362509
0.04 0.005108203029114
0.05 0.007089721902784
0.06 0.010607062428219
0.07 0.014435396763212
0.08 0.022115878776459
0.09 0.026700300497755
0.1 0.032795074779562
0.11 0.04399510547752
0.12 0.038104288357944
0.13 0.043192860572106
0.14 0.052474088333194
0.15 0.061732723949811
0.16 0.07024221247521
0.17 0.078668938695872
0.18 0.091733855652936
0.19 0.097239948012072
0.2 0.105422139622126
0.21 0.121503408542455
0.22 0.128153639142775
0.23 0.16187195629182
0.24 0.158442970881269
0.25 0.207846790847424
0.26 0.220390418240774
0.27 0.22572677212404
0.28 0.244064877065907
0.29 0.246959801741052
0.3 0.276924204606779
0.31 0.297747752540897
0.32 0.313206195143492
0.33 0.339208590381895
0.34 0.356118245459187
0.35 0.39790185449014
0.36 0.414405376267028
0.37 0.406044143601426
0.38 0.451567481138361
0.39 0.472908508627787
0.4 0.49601688440286
0.41 0.470582962066043
0.42 0.510803338194914
0.43 0.520388894207046
0.44 0.580958929599994
0.45 0.598246156436665
0.46 0.681848784702992
0.47 0.675265550163689
0.48 0.728597775857073
0.49 0.984834998242845
0.5 0.992462130874739
0.51 0.884244392155791
0.52 0.949347356688195
0.53 0.939345829071538
0.54 1.01363401932818
0.55 1.01546267429621
0.56 1.21006272212799
0.57 1.20662005422055
0.58 1.10534615585699
0.59 1.37469475012892
0.6 1.45354052047575
0.61 1.5626501863844
0.62 1.51746917564455
0.63 1.51481215055948
0.64 1.45347816892146
0.65 1.98282018746264
0.66 1.6163975735288
0.67 1.83940680998863
0.68 1.94553315507153
0.69 2.07420558840602
0.7 1.84591163899851
0.71 2.31746376597202
0.72 2.6161649304281
0.73 2.48198367832557
0.74 2.18759129911603
0.75 3.11749655549085
0.76 2.80701475551582
0.77 2.62799384035958
0.78 3.83074562194911
0.79 2.90235708742631
0.8 3.48243609882007
0.81 5.37318733769057
0.82 4.30594973397542
0.83 4.97947884521181
0.84 4.89683865033067
0.85 4.09336044121928
0.86 5.03504324584177
0.87 7.67566410579845
0.88 7.58413177563697
0.89 7.14363184026083
0.9 9.83778788252739
0.91 9.67139308693197
0.92 17.2882609054468
0.93 16.1762243943713
0.94 20.531475251988
0.95 10.9497665532772
0.96 33.5038533793559
0.97 32.601814877242
0.98 30.801578774551
0.99 41.4058561833631
