0.01 0.0109
0.02 0.0215
0.03 0.032
0.04 0.043
0.05 0.0518
0.06 0.0626
0.07 0.0746
0.08 0.0885
0.09 0.101
0.1 0.1125
0.11 0.129
0.12 0.1347
0.13 0.1451
0.14 0.1571
0.15 0.1701
0.16 0.1872
0.17 0.2018
0.18 0.2174
0.19 0.231
0.2 0.2437
0.21 0.2637
0.22 0.2768
0.23 0.3083
0.24 0.3123
0.25 0.3465
0.26 0.3595
0.27 0.373
0.28 0.3935
0.29 0.4147
0.3 0.4434
0.31 0.4647
0.32 0.4825
0.33 0.5062
0.34 0.5262
0.35 0.5593
0.36 0.5807
0.37 0.5834
0.38 0.6343
0.39 0.65
0.4 0.6787
0.41 0.6722
0.42 0.7127
0.43 0.7302
0.44 0.7731
0.45 0.7799
0.46 0.8567
0.47 0.8516
0.48 0.9023
0.49 1.1058
0.5 1.1011
0.51 1.0802
0.52 1.1071
0.53 1.1211
0.54 1.1603
0.55 1.1792
0.56 1.3544
0.57 1.3342
0.58 1.3006
0.59 1.4843
0.6 1.5622
0.61 1.7024
0.62 1.684
0.63 1.6653
0.64 1.6267
0.65 2.0559
0.66 1.7571
0.67 2.0119
0.68 2.09
0.69 2.1693
0.7 2.0143
0.71 2.4235
0.72 2.7517
0.73 2.618
0.74 2.3503
0.75 3.2356
0.76 2.9281
0.77 2.8166
0.78 3.8702
0.79 3.0787
0.8 3.6164
0.81 5.2832
0.82 4.4516
0.83 5.106
0.84 4.9344
0.85 4.3442
0.86 5.2134
0.87 7.6573
0.88 7.617
0.89 7.2264
0.9 9.8556
0.91 9.9015
0.92 17.4271
0.93 15.9537
0.94 20.2364
0.95 11.2989
0.96 33.9567
0.97 32.9838
0.98 32.1872
0.99 41.2238
