0.01 0
0.02 0
0.03 0.0003
0.04 0.0022
0.05 0.0028
0.06 0.0037
0.07 0.0053
0.08 0.0085
0.09 0.01
0.1 0.0119
0.11 0.0157
0.12 0.0155
0.13 0.0174
0.14 0.0206
0.15 0.023
0.16 0.0283
0.17 0.0329
0.18 0.0386
0.19 0.043
0.2 0.0476
0.21 0.0561
0.22 0.0616
0.23 0.0721
0.24 0.0753
0.25 0.0959
0.26 0.1001
0.27 0.1037
0.28 0.115
0.29 0.1184
0.3 0.1337
0.31 0.1469
0.32 0.1586
0.33 0.1715
0.34 0.1771
0.35 0.1982
0.36 0.215
0.37 0.2118
0.38 0.2544
0.39 0.2631
0.4 0.2818
0.41 0.2656
0.42 0.294
0.43 0.3005
0.44 0.3387
0.45 0.3353
0.46 0.393
0.47 0.3893
0.48 0.4274
0.49 0.5953
0.5 0.5866
0.51 0.5673
0.52 0.5825
0.53 0.5939
0.54 0.6314
0.55 0.6329
0.56 0.7835
0.57 0.7583
0.58 0.7231
0.59 0.8817
0.6 0.9638
0.61 1.0732
0.62 1.0587
0.63 1.0508
0.64 0.9972
0.65 1.4
0.66 1.101
0.67 1.3534
0.68 1.4047
0.69 1.4846
0.7 1.335
0.71 1.7183
0.72 2.0321
0.73 1.8919
0.74 1.6277
0.75 2.4705
0.76 2.1796
0.77 2.062
0.78 3.0863
0.79 2.3045
0.8 2.8221
0.81 4.4516
0.82 3.624
0.83 4.2705
0.84 4.0818
0.85 3.5117
0.86 4.3627
0.87 6.774
0.88 6.7331
0.89 6.3416
0.9 8.9562
0.91 8.9964
0.92 16.4855
0.93 15.0191
0.94 19.2798
0.95 10.3678
0.96 32.9716
0.97 32.0185
0.98 31.2142
0.99 40.2424
