0.01 0.909710532818894
0.02 1.85477665208546
0.03 2.68698561129306
0.04 3.58948876999159
0.05 4.28933679984537
0.06 5.0196370968503
0.07 5.64574260614334
0.08 6.3160053854918
0.09 6.72995205034632
0.1 7.3456197689297
0.11 7.84310002053473
0.12 8.27674443816996
0.13 8.71268556454156
0.14 9.04571261277649
0.15 9.32444201163321
0.16 9.73897090587279
0.17 9.9476593370508
0.18 10.2213545229499
0.19 10.4401371408709
0.2 10.6278833008992
0.21 10.8453492929942
0.22 11.0478306529577
0.23 11.085311998126
0.24 11.1629345883566
0.25 11.3309661905872
0.26 11.3436466997956
0.27 11.3344248329253
0.28 11.2217282981577
0.29 11.367318213253
0.3 11.3418385004405
0.31 11.1424334480069
0.32 11.2823829271935
0.33 11.2158916373434
0.34 11.0995142258999
0.35 10.8564530769627
0.36 10.8435220985562
0.37 10.7264075782714
0.38 10.6679918304684
0.39 10.3326624731609
0.4 10.3109555630839
0.41 10.003827177299
0.42 9.94346581673625
0.43 9.62218540404501
0.44 9.69348110006311
0.45 9.38152111540156
0.46 9.01606234107523
0.47 8.72557826886002
0.48 8.46393626435204
0.49 8.65160307655688
0.5 8.14533536740369
0.51 7.90823494433265
0.52 7.64219460283614
0.53 7.28749416126272
0.54 7.32375436208244
0.55 6.83202297389021
0.56 6.61284566662562
0.57 6.17287148095881
0.58 6.21834221962569
0.59 5.85950188618933
0.6 5.25756777695319
0.61 5.1468988434287
0.62 4.77663403757338
0.63 4.36042118707323
0.64 4.24851967081504
0.65 4.12794248566998
0.66 3.76108525225858
0.67 3.32583852104426
0.68 3.13944608695112
0.69 2.72847054212471
0.7 2.42880590432344
0.71 2.2554597614513
0.72 2.15667135680777
0.73 1.7422645642976
0.74 1.51462170078618
0.75 1.25967100389544
0.76 0.857396855705715
0.77 0.63969565191799
0.78 0.0946160791981389
0.79 0.436465433811647
0.8 0.263310385170706
0.81 0.00415611597666016
0.82 0.495786524028454
0.83 0.464441833261967
0.84 0.600294488596741
0.85 0.85268079706862
0.86 0.568596101912471
0.87 0.797897282965893
0.88 0.783450710300558
0.89 0.863884209974779
0.9 0.843562498036493
0.91 0.693489535585198
0.92 0.677042531855187
0.93 0.813025038236685
0.94 0.461242656275841
0.95 0.361635511784859
0.96 0.210619802063574
0.97 0.0605954334681519
0.98 0.0365274236908866
0.99 0.859155100398894
