0.01 96.8074438577113
0.02 94.2161112020225
0.03 91.1880954376379
0.04 88.6954646706723
0.05 85.9745340852736
0.06 83.5332263072811
0.07 80.681025454004
0.08 78.7062001644788
0.09 75.8334374369095
0.1 73.8276905740406
0.11 71.2653239361805
0.12 69.1383139396861
0.13 66.9719603808256
0.14 64.8390457218503
0.15 62.7245462561998
0.16 60.8566421540595
0.17 58.8548625218038
0.18 56.9582344318946
0.19 55.0053874839583
0.2 53.2628824379937
0.21 51.5234483439092
0.22 50.0931988848633
0.23 48.1161763975432
0.24 46.4552611398757
0.25 45.1145420597567
0.26 43.455262809902
0.27 41.8605003083409
0.28 40.1276401558295
0.29 39.2226690521677
0.3 37.5810262107705
0.31 36.1179340645319
0.32 35.0958676003612
0.33 33.8784864649548
0.34 32.5325964399417
0.35 31.062354347765
0.36 30.0408284404589
0.37 28.9467621135261
0.38 27.9406687496907
0.39 26.4845096151684
0.4 25.7301951264977
0.41 24.4553208187697
0.42 23.5645756670502
0.43 22.3256068556823
0.44 21.9576405524914
0.45 20.8413723869733
0.46 19.6359320571438
0.47 18.6029750473302
0.48 17.6426532793587
0.49 17.5226991134709
0.5 16.2597126485073
0.51 15.4620183046167
0.52 14.6705220898885
0.53 13.6668942467315
0.54 13.4043601750913
0.55 12.2828957442909
0.56 11.6611526579019
0.57 10.6651977952993
0.58 10.5395696423094
0.59 9.69116657345168
0.6 8.5282868241313
0.61 8.1460264486007
0.62 7.39455913959782
0.63 6.59317692963026
0.64 6.25645526810992
0.65 5.90453476665355
0.66 5.23113225956057
0.67 4.46864136595142
0.68 4.06386205810096
0.69 3.34250904474563
0.7 2.82715141944131
0.71 2.44037428909026
0.72 2.21543836399526
0.73 1.5248474235952
0.74 1.1031130553744
0.75 0.65091039438269
0.76 0.0281406922499319
0.77 0.347567675745273
0.78 1.11887152389369
0.79 0.792200350622631
0.8 1.76775487173622
0.81 1.52693347930929
0.82 2.23510388818579
0.83 2.28277939888213
0.84 2.55410477144092
0.85 2.94454622637218
0.86 2.71362037992756
0.87 3.0855650407439
0.88 3.15654593208541
0.89 3.36265298908075
0.9 3.44752340356114
0.91 3.36779554188788
0.92 3.46189939475901
0.93 3.72634648252102
0.94 3.43939561811632
0.95 3.45450598020508
0.96 3.3938987384392
0.97 3.34581603894851
0.98 3.44760079181158
0.99 2.60004092731356
