0.01 1.97000000010196
0.02 1.3139999999704
0.03 1.39733333337614
0.04 1.23999999972347
0.05 0.00840000203016777
0.06 0.0316666771027481
0.07 0.421020449619101
0.08 1.54849986628194
0.09 0.293234956843348
0.1 0.913599019043644
0.11 0.0860968671126852
0.12 0.178661680921892
0.13 0.0808977306823978
0.14 0.0311828167508081
0.15 0.0605248551840448
0.16 0.280124181073948
0.17 0.236189562848193
0.18 0.279599173425741
0.19 0.699669027777846
0.2 0.344452111973477
0.21 0.254737339129636
0.22 0.687566326339767
0.23 0.122778867304671
0.24 0.363647138329817
0.25 0.100936050590285
0.26 0.216192486107292
0.27 0.192176278089246
0.28 0.790628057490206
0.29 0.341686026368119
0.3 0.175071359442119
0.31 0.219025309237248
0.32 0.131919838526752
0.33 0.133256121914507
0.34 0.0903005822030335
0.35 0.283223536837583
0.36 0.0934919224346099
0.37 0.221953660538107
0.38 0.190418150520955
0.39 0.200956708963958
0.4 0.152842153924748
0.41 0.247877796701146
0.42 0.134574711374748
0.43 0.42118315339924
0.44 0.400576309371562
0.45 0.252241118288711
0.46 0.14237871974544
0.47 0.424948565309339
0.48 0.423836717622861
0.49 0.440880705777177
0.5 0.0380322765431568
0.51 0.0958934952084855
0.52 0.115872681382902
0.53 0.399150192962042
0.54 0.287896483382134
0.55 0.218110043386559
0.56 0.162523693712421
0.57 0.436255635263758
0.58 0.441095396312388
0.59 0.0751672587153137
0.6 0.424489784162361
0.61 0.155926324064425
0.62 0.105140933970077
0.63 0.444307656483294
0.64 0.090439121541214
0.65 0.223404573549696
0.66 0.206539334364599
0.67 0.0763264132365923
0.68 0.218553612278337
0.69 0.128847090868618
0.7 0.259071054865426
0.71 0.23364910261678
0.72 0.622682448497012
0.73 0.519825537839263
0.74 0.597409401669631
0.75 0.517435310146265
0.76 0.521034261060921
0.77 0.67037117441194
0.78 0.316936425484133
0.79 1.27172746160735
0.8 0.65270615177663
0.81 1.34898146402183
0.82 1.09263664320541
0.83 1.45698099682648
0.84 1.6350672697856
0.85 1.64699733693121
0.86 2.25303405820571
0.87 2.16100165701803
0.88 2.52029905373557
0.89 2.68301681887441
0.9 3.0103204677992
0.91 3.32822206601049
0.92 3.59170747159941
0.93 3.61558918189019
0.94 4.22075013130469
0.95 4.47767914596646
0.96 4.78105633180532
0.97 5.1184853681863
0.98 5.26357263612629
0.99 6.33800696630329
