0.01 0.639440000001014
0.02 0.347100000000608
0.03 0.293473333334602
0.04 0.392799999988852
0.05 0.159260000101662
0.06 0.0206599993741714
0.07 0.332385717185068
0.08 0.404019989178212
0.09 0.205155590529607
0.1 0.145719901144164
0.11 0.0512111631480813
0.12 0.101173933299934
0.13 0.0600397816366069
0.14 0.162728455087513
0.15 0.000101274991153473
0.16 0.0227698428259354
0.17 0.0269313521576862
0.18 0.168681148828131
0.19 0.245825288405566
0.2 0.255930342625967
0.21 0.0498831157133332
0.22 0.332720146792921
0.23 0.0409944786503363
0.24 0.0184301500350767
0.25 0.0502536138875313
0.26 0.0658283185523821
0.27 0.0819509579066688
0.28 0.40002955026653
0.29 0.261113196794867
0.3 0.00328026353429632
0.31 0.121444678603686
0.32 0.117480632293022
0.33 0.00883623354664075
0.34 0.0122131662864144
0.35 0.178036062350412
0.36 0.0500014533182663
0.37 0.096145254226361
0.38 0.201911186756263
0.39 0.118963713373009
0.4 0.131051780688177
0.41 0.114839362273029
0.42 0.0255520902993555
0.43 0.253576504871977
0.44 0.246122051792445
0.45 0.154079586628686
0.46 0.0669240438556441
0.47 0.244911472476915
0.48 0.232500836293145
0.49 0.280677405218105
0.5 0.0208603339883274
0.51 0.0379457987212739
0.52 0.119543370425495
0.53 0.209353056833148
0.54 0.26397303623876
0.55 0.091700650560985
0.56 0.0390852537412562
0.57 0.174498988445524
0.58 0.401361836071868
0.59 0.176089227127333
0.6 0.086632405655415
0.61 0.0885381858891126
0.62 0.13198616679868
0.63 0.0779636037205719
0.64 0.183935074008097
0.65 0.458960771331629
0.66 0.477727904529767
0.67 0.401925142690172
0.68 0.55059712324008
0.69 0.534274032543383
0.7 0.652172600545665
0.71 0.678812442138555
0.72 1.01342223925551
0.73 1.01132851453167
0.74 1.13016617212663
0.75 1.11594330069123
0.76 1.20348815996411
0.77 1.38749542028757
0.78 1.16996356475907
0.79 1.98712862951174
0.8 1.57808183081157
0.81 2.1881047747009
0.82 2.08795231212008
0.83 2.4525008485776
0.84 2.69991177015589
0.85 2.79544063740397
0.86 3.37905735631504
0.87 3.39435448989646
0.88 3.80133414852977
0.89 4.04288670780303
0.9 4.43386906076556
0.91 4.7890107499688
0.92 5.12826766469801
0.93 5.27054659811624
0.94 5.88275145033553
0.95 6.22404234099279
0.96 6.59974150353658
0.97 7.00738764615035
0.98 7.25613601144598
0.99 8.27596790526727
