0.01 0.000295286690043
0.02 0.001181942728518
0.03 0.002701513110301
0.04 0.004739083158936
0.05 0.00739344315296
0.06 0.010582949392553
0.07 0.014429353349391
0.08 0.01893125107518
0.09 0.023813834221968
0.1 0.02914808179559
0.11 0.035460016976988
0.12 0.042106092545898
0.13 0.04934083433349
0.14 0.056982308614859
0.15 0.06536048737073
0.16 0.074349607607968
0.17 0.084085721344087
0.18 0.094477906578312
0.19 0.105294509872822
0.2 0.116700967573538
0.21 0.128708970903427
0.22 0.14199437886108
0.23 0.154753031407197
0.24 0.168651933490901
0.25 0.183568260167329
0.26 0.197981662804758
0.27 0.215665488623505
0.28 0.230862533437537
0.29 0.248953582210849
0.3 0.267428396508636
0.31 0.286590801468114
0.32 0.304189990877679
0.33 0.32625023635779
0.34 0.348256805343964
0.35 0.369504127529829
0.36 0.392803239864393
0.37 0.416425451181718
0.38 0.442930865190296
0.39 0.468294302183905
0.4 0.495149602969472
0.41 0.523617866743215
0.42 0.550884614337453
0.43 0.583792258704956
0.44 0.614768922838377
0.45 0.647117690348732
0.46 0.682946663558768
0.47 0.71821453937567
0.48 0.756554050480697
0.49 0.791514907779475
0.5 0.83194220069674
0.51 0.877270629382397
0.52 0.920511281366723
0.53 0.967755481239118
0.54 1.01140951766894
0.55 1.06335884181191
0.56 1.11454708469117
0.57 1.1703942042375
0.58 1.22760122253726
0.59 1.28951926457709
0.6 1.34720971869659
0.61 1.42006888498211
0.62 1.48171918646091
0.63 1.56153515573985
0.64 1.63719266255118
0.65 1.72243548641395
0.66 1.80787744775997
0.67 1.9043971842282
0.68 1.993553288758
0.69 2.09282501769245
0.7 2.21279423278416
0.71 2.33738837562997
0.72 2.45191100764535
0.73 2.59152606139332
0.74 2.72800212830743
0.75 2.8883208362066
0.76 3.06411850093447
0.77 3.26622128134502
0.78 3.4577653064488
0.79 3.66600392868669
0.8 3.91850434502436
0.81 4.17509035787597
0.82 4.49854300963787
0.83 4.84260352727142
0.84 5.13734575635093
0.85 5.5796008389965
0.86 6.09950040133333
0.87 6.65588893390771
0.88 7.22520675504792
0.89 8.0469892246214
0.9 9.06615980462123
0.91 10.152186764914
0.92 11.5715388511635
0.93 13.2594692246816
0.94 15.5609858108752
0.95 18.8032491119619
0.96 24.2182343157182
0.97 32.7895961155224
0.98 47.9765586460628
0.99 96.1898505992488
