0.01 1.00040376260884
0.02 1.00124232454921
0.03 1.00253460437143
0.04 1.00461341760091
0.05 1.00719347356975
0.06 1.01057746057508
0.07 1.01453919368992
0.08 1.01903796073999
0.09 1.02495211541117
0.1 1.02942986586481
0.11 1.0356269175213
0.12 1.04157222818847
0.13 1.0491900227074
0.14 1.05635965359479
0.15 1.06554955275822
0.16 1.07395294453955
0.17 1.08448315572957
0.18 1.09428226975023
0.19 1.10571590839685
0.2 1.11713468432195
0.21 1.12853282414261
0.22 1.142494486404
0.23 1.15513724150144
0.24 1.16855245123295
0.25 1.1838045160522
0.26 1.19751235449636
0.27 1.21595758058363
0.28 1.23083876794655
0.29 1.24865611929933
0.3 1.26760680823761
0.31 1.28677386033123
0.32 1.30401608933617
0.33 1.32601755703327
0.34 1.3491823022913
0.35 1.36939332846921
0.36 1.39320682096071
0.37 1.41630245549645
0.38 1.44308771913213
0.39 1.46850253703367
0.4 1.49526534775521
0.41 1.52347106546158
0.42 1.55072939838852
0.43 1.58384651871599
0.44 1.61503990343672
0.45 1.64767245542397
0.46 1.6831574601419
0.47 1.71829372772891
0.48 1.75701430253282
0.49 1.79190386593311
0.5 1.83189812888887
0.51 1.87736489473302
0.52 1.92101367363472
0.53 1.96799001621613
0.54 2.01052648562548
0.55 2.06393380237233
0.56 2.11482197897122
0.57 2.17056109011821
0.58 2.22760882856343
0.59 2.28962506191999
0.6 2.34680646561009
0.61 2.42047948299718
0.62 2.48121904832185
0.63 2.56108954370286
0.64 2.63732954245073
0.65 2.72249193968012
0.66 2.80795157926225
0.67 2.90435905620365
0.68 2.99392675207078
0.69 3.09252243513587
0.7 3.21305325641885
0.71 3.33771059593466
0.72 3.45199283259347
0.73 3.59138396048764
0.74 3.72780698542122
0.75 3.88828668851247
0.76 4.06352120420833
0.77 4.26698472158412
0.78 4.45794230290339
0.79 4.66608663491585
0.8 4.91838495470659
0.81 5.17551758284268
0.82 5.49890032646857
0.83 5.84275783595895
0.84 6.13697881485358
0.85 6.57935795176514
0.86 7.09963541228943
0.87 7.65600252552713
0.88 8.22479727402954
0.89 9.04727884437182
0.9 10.0662239519796
0.91 11.152310767275
0.92 12.5717503700678
0.93 14.2601541924392
0.94 16.5609183005179
0.95 19.8030454056684
0.96 25.2183917905379
0.97 33.7897185208392
0.98 48.9763504272557
0.99 97.1899323176672
