0.01 0.0001028
0.02 0.0004055
0.03 0.0009231
0.04 0.0016723
0.05 0.0026003
0.06 0.0038386
0.07 0.0052615
0.08 0.0070068
0.09 0.0089058
0.1 0.0110167
0.11 0.0136044
0.12 0.0163659
0.13 0.0194827
0.14 0.0226853
0.15 0.0264399
0.16 0.0304504
0.17 0.0347634
0.18 0.0396227
0.19 0.0444947
0.2 0.0498611
0.21 0.0559129
0.22 0.0622809
0.23 0.0686372
0.24 0.0756294
0.25 0.0835291
0.26 0.0911236
0.27 0.1002733
0.28 0.1086889
0.29 0.1185098
0.3 0.1288548
0.31 0.1394296
0.32 0.1497017
0.33 0.1627821
0.34 0.1753341
0.35 0.1882982
0.36 0.2026197
0.37 0.2168797
0.38 0.2331745
0.39 0.2494754
0.4 0.2666817
0.41 0.2848075
0.42 0.30275
0.43 0.3248998
0.44 0.3456152
0.45 0.3678754
0.46 0.3926808
0.47 0.4174855
0.48 0.4444769
0.49 0.4696428
0.5 0.498833
0.51 0.531954
0.52 0.5638631
0.53 0.6001659
0.54 0.6332678
0.55 0.6722713
0.56 0.7121844
0.57 0.7555264
0.58 0.8008751
0.59 0.8516859
0.6 0.8978948
0.61 0.9563777
0.62 1.0089255
0.63 1.0741926
0.64 1.1376917
0.65 1.2097427
0.66 1.2821934
0.67 1.3657668
0.68 1.4423961
0.69 1.5305126
0.7 1.6358438
0.71 1.7453425
0.72 1.848995
0.73 1.9748528
0.74 2.0996758
0.75 2.2456891
0.76 2.4094315
0.77 2.5909682
0.78 2.7731433
0.79 2.9679971
0.8 3.2092087
0.81 3.4492235
0.82 3.7582108
0.83 4.0870819
0.84 4.3743566
0.85 4.8020154
0.86 5.303207
0.87 5.843802
0.88 6.4066599
0.89 7.2063341
0.9 8.2072516
0.91 9.2819577
0.92 10.6858537
0.93 12.3513043
0.94 14.6573533
0.95 17.8810066
0.96 23.2711694
0.97 31.8153902
0.98 47.0133043
0.99 95.2122105
