0.01 0.0101278
0.02 0.0203961
0.03 0.0309371
0.04 0.0416809
0.05 0.0525229
0.06 0.0638659
0.07 0.0752863
0.08 0.0870289
0.09 0.0989974
0.1 0.1108416
0.11 0.1235741
0.12 0.1363714
0.13 0.1494745
0.14 0.1625139
0.15 0.1762946
0.16 0.1903617
0.17 0.2047363
0.18 0.2197984
0.19 0.2345581
0.2 0.2498559
0.21 0.2659479
0.22 0.2824549
0.23 0.2986867
0.24 0.3154861
0.25 0.3336251
0.26 0.3510952
0.27 0.3704128
0.28 0.388803
0.29 0.4085549
0.3 0.428977
0.31 0.449793
0.32 0.4691377
0.33 0.4928354
0.34 0.5156539
0.35 0.5380958
0.36 0.5626288
0.37 0.5866069
0.38 0.6133454
0.39 0.6396538
0.4 0.6667862
0.41 0.6947651
0.42 0.7223178
0.43 0.7549071
0.44 0.7854303
0.45 0.8180477
0.46 0.852564
0.47 0.887271
0.48 0.9248864
0.49 0.9596388
0.5 0.9986892
0.51 1.0416958
0.52 1.0838603
0.53 1.1304767
0.54 1.1728887
0.55 1.2228323
0.56 1.2722252
0.57 1.3257857
0.58 1.3809193
0.59 1.4420758
0.6 1.4976855
0.61 1.5667059
0.62 1.6286676
0.63 1.7041828
0.64 1.7778637
0.65 1.8598477
0.66 1.9422473
0.67 2.0361551
0.68 2.122414
0.69 2.2204783
0.7 2.3364842
0.71 2.4553826
0.72 2.5687652
0.73 2.7048752
0.74 2.8395239
0.75 2.9956539
0.76 3.1695016
0.77 3.3613484
0.78 3.5534056
0.79 3.7576483
0.8 4.0095158
0.81 4.2590955
0.82 4.5788594
0.83 4.9179987
0.84 5.213916
0.85 5.6517444
0.86 6.1635378
0.87 6.713739
0.88 7.2862633
0.89 8.0965356
0.9 9.1075843
0.91 10.1920133
0.92 11.6064042
0.93 13.2812919
0.94 15.5974544
0.95 18.8304351
0.96 24.2313005
0.97 32.7852155
0.98 47.9929674
0.99 96.2019649
