0.01 1.00007389670387
0.02 1.00053807794882
0.03 1.00238855765313
0.04 1.00552859309948
0.05 1.00684415737189
0.06 1.01116997625085
0.07 1.01392541250908
0.08 1.01864811145388
0.09 1.02365914091531
0.1 1.02916624794176
0.11 1.03510061973336
0.12 1.04288975071541
0.13 1.04960889942078
0.14 1.05741662268006
0.15 1.06593882971645
0.16 1.07538952148494
0.17 1.08369802444639
0.18 1.0942945083394
0.19 1.10667048426104
0.2 1.11634935571759
0.21 1.12837653898514
0.22 1.14136687781085
0.23 1.15339163584698
0.24 1.16981745368958
0.25 1.18353459664167
0.26 1.19944021214762
0.27 1.21567327353405
0.28 1.23189027830647
0.29 1.24911876451078
0.3 1.26743504826464
0.31 1.28662931932343
0.32 1.30585651555173
0.33 1.32493605986635
0.34 1.34760401599638
0.35 1.37049190128914
0.36 1.39587829489803
0.37 1.41771759021921
0.38 1.44346048109434
0.39 1.46876370828299
0.4 1.49624396749471
0.41 1.525916834031
0.42 1.55338129380318
0.43 1.58220212768863
0.44 1.6143561696108
0.45 1.64966653874126
0.46 1.67545281297869
0.47 1.718269348059
0.48 1.75353679192719
0.49 1.79287805124854
0.5 1.83456460077848
0.51 1.87298726816384
0.52 1.91706912612049
0.53 1.9673860679815
0.54 2.01214120514384
0.55 2.0604005614676
0.56 2.11894229466374
0.57 2.16939476675913
0.58 2.22560795116191
0.59 2.28395983501677
0.6 2.34626202088863
0.61 2.41469847720068
0.62 2.48567448427032
0.63 2.55305355849078
0.64 2.64448449868119
0.65 2.71692894189708
0.66 2.80804988610282
0.67 2.89360486004066
0.68 2.98790385026206
0.69 3.08690131918847
0.7 3.20189432529869
0.71 3.30513344534644
0.72 3.42987048077331
0.73 3.56293710785568
0.74 3.69732368354316
0.75 3.83091347571077
0.76 3.99555186456271
0.77 4.16325998154655
0.78 4.33927905526333
0.79 4.50677387782351
0.8 4.71356851271508
0.81 4.93963102551168
0.82 5.12343134752895
0.83 5.37476737202749
0.84 5.57756497435517
0.85 5.84874465898475
0.86 6.08998682404373
0.87 6.40189911472996
0.88 6.65900392004288
0.89 6.9487162042273
0.9 7.23324659734059
0.91 7.61956625532383
0.92 7.92991266542723
0.93 8.28922941602395
0.94 8.60058139077478
0.95 8.85901304655766
0.96 9.22595316702019
0.97 9.5684097817311
0.98 9.88006880631753
0.99 10.1213291790125
