0.01 0.000293746713263
0.02 0.001143636887792
0.03 0.002579818312475
0.04 0.004730201301275
0.05 0.007435189349053
0.06 0.010663166744868
0.07 0.014466362558773
0.08 0.01869608596194
0.09 0.023574497223681
0.1 0.029166286382615
0.11 0.035255931619231
0.12 0.042427982798299
0.13 0.049592765587614
0.14 0.057312952447102
0.15 0.064994081596304
0.16 0.075091016556654
0.17 0.08408106958826
0.18 0.09420731419339
0.19 0.106131798394508
0.2 0.116535518062989
0.21 0.128392912246561
0.22 0.141198026429449
0.23 0.154028536658018
0.24 0.169339301016808
0.25 0.183815535744309
0.26 0.199234254843962
0.27 0.214785379667843
0.28 0.231629861602683
0.29 0.248955932147474
0.3 0.267783380917132
0.31 0.286867589307908
0.32 0.30577917969975
0.33 0.325626295419786
0.34 0.34753431354985
0.35 0.370152987415849
0.36 0.395223562830736
0.37 0.417441089037701
0.38 0.443602398353714
0.39 0.469306729823288
0.4 0.496405307600728
0.41 0.525674925289129
0.42 0.552881128852441
0.43 0.582838244075196
0.44 0.61411026628054
0.45 0.649724486556466
0.46 0.676400748360656
0.47 0.718065622745408
0.48 0.753524644474041
0.49 0.792498189510386
0.5 0.83491159949895
0.51 0.872873958095092
0.52 0.917693355698976
0.53 0.967450559632562
0.54 1.01186755164579
0.55 1.06072048025027
0.56 1.11840318646256
0.57 1.16974025705638
0.58 1.22574534456078
0.59 1.2843949831878
0.6 1.34669035455769
0.61 1.41442638879774
0.62 1.48526494184411
0.63 1.55386344619556
0.64 1.64408453205948
0.65 1.71735988016489
0.66 1.80779663051119
0.67 1.89353751225544
0.68 1.98831080158188
0.69 2.0872151704048
0.7 2.2011699203782
0.71 2.30493188610557
0.72 2.43003599270559
0.73 2.56398303182349
0.74 2.69794151027167
0.75 2.8316171950224
0.76 2.99598597543991
0.77 3.16388722466732
0.78 3.34024376215161
0.79 3.50859855906314
0.8 3.71498590680798
0.81 3.941330794882
0.82 4.12683090816229
0.83 4.37758492267662
0.84 4.58218653298526
0.85 4.85353917034267
0.86 5.09655620749989
0.87 5.40945918347823
0.88 5.66779943596014
0.89 5.95896743375511
0.9 6.24568323096086
0.91 6.63381235391896
0.92 6.94637835090992
0.93 7.30706486299122
0.94 7.62300357362657
0.95 7.88413627042654
0.96 8.25473255285395
0.97 8.60051348651833
0.98 8.91646552599187
0.99 9.16260362229263
