0.01 0.0001006
0.02 0.0004016
0.03 0.0008898
0.04 0.001665
0.05 0.0026428
0.06 0.003821
0.07 0.0052636
0.08 0.0069332
0.09 0.0088182
0.1 0.0110474
0.11 0.0135476
0.12 0.0165276
0.13 0.0195476
0.14 0.0228382
0.15 0.026283
0.16 0.0306288
0.17 0.034729
0.18 0.039472
0.19 0.0450648
0.2 0.0499232
0.21 0.0556392
0.22 0.0619278
0.23 0.0683742
0.24 0.0760576
0.25 0.083607
0.26 0.0917262
0.27 0.099964
0.28 0.1088606
0.29 0.118159
0.3 0.1291412
0.31 0.139766
0.32 0.1507232
0.33 0.1624604
0.34 0.1748794
0.35 0.1886546
0.36 0.2036122
0.37 0.217341
0.38 0.2336738
0.39 0.2498924
0.4 0.2674418
0.41 0.2864512
0.42 0.3042862
0.43 0.324657
0.44 0.3455786
0.45 0.3695834
0.46 0.388588
0.47 0.417282
0.48 0.4420708
0.49 0.4705394
0.5 0.5010022
0.51 0.5286946
0.52 0.5618424
0.53 0.5993118
0.54 0.6330986
0.55 0.6715612
0.56 0.714592
0.57 0.755757
0.58 0.799519
0.59 0.847191
0.6 0.897376
0.61 0.9515632
0.62 1.0096752
0.63 1.068299
0.64 1.1420064
0.65 1.2056404
0.66 1.2813654
0.67 1.3562268
0.68 1.437319
0.69 1.5240868
0.7 1.6228824
0.71 1.716516
0.72 1.8259756
0.73 1.9501282
0.74 2.068399
0.75 2.1906562
0.76 2.338066
0.77 2.4953248
0.78 2.6549778
0.79 2.8157074
0.8 3.0081466
0.81 3.2169074
0.82 3.3951064
0.83 3.6286484
0.84 3.8261002
0.85 4.0814296
0.86 4.3192756
0.87 4.6144738
0.88 4.8656766
0.89 5.1457528
0.9 5.423287
0.91 5.795636
0.92 6.102873
0.93 6.4458724
0.94 6.7621448
0.95 7.0250184
0.96 7.378489
0.97 7.7172328
0.98 8.0366762
0.99 8.2923564
