0.01 0.0100806
0.02 0.020187
0.03 0.0308162
0.04 0.0416634
0.05 0.0524224
0.06 0.063718
0.07 0.0751978
0.08 0.087021
0.09 0.0988336
0.1 0.1111496
0.11 0.1235408
0.12 0.1367708
0.13 0.149785
0.14 0.1628284
0.15 0.1761458
0.16 0.1910482
0.17 0.2047286
0.18 0.2194718
0.19 0.2354366
0.2 0.2498638
0.21 0.26525
0.22 0.28158
0.23 0.2979778
0.24 0.3165168
0.25 0.333588
0.26 0.3519786
0.27 0.3702982
0.28 0.3887536
0.29 0.4079898
0.3 0.4292786
0.31 0.449763
0.32 0.4705788
0.33 0.4922842
0.34 0.5147226
0.35 0.5386188
0.36 0.564078
0.37 0.5873026
0.38 0.6139914
0.39 0.6404342
0.4 0.6679066
0.41 0.6967756
0.42 0.7246346
0.43 0.7546454
0.44 0.7858646
0.45 0.8198326
0.46 0.847446
0.47 0.8874076
0.48 0.9218956
0.49 0.9607774
0.5 1.0011582
0.51 1.0381698
0.52 1.0813802
0.53 1.1298696
0.54 1.1730292
0.55 1.2211766
0.56 1.2749868
0.57 1.325402
0.58 1.3795814
0.59 1.4365904
0.6 1.4972156
0.61 1.5615174
0.62 1.6295272
0.63 1.6977598
0.64 1.7819118
0.65 1.8553576
0.66 1.941521
0.67 2.0265194
0.68 2.1167074
0.69 2.2137404
0.7 2.3229116
0.71 2.426126
0.72 2.545514
0.73 2.6794556
0.74 2.8076876
0.75 2.9390828
0.76 3.0966826
0.77 3.2639396
0.78 3.4331536
0.79 3.6028406
0.8 3.805514
0.81 4.0235096
0.82 4.2099098
0.83 4.4530484
0.84 4.657652
0.85 4.9219292
0.86 5.1673382
0.87 5.4707818
0.88 5.7292606
0.89 6.0158008
0.9 6.2990546
0.91 6.6786038
0.92 6.9908968
0.93 7.3398318
0.94 7.6593414
0.95 7.9263826
0.96 8.2815938
0.97 8.6235312
0.98 8.9448814
0.99 9.2014894
