0.01 0.01010101010101
0.02 0.020408163265306
0.03 0.030927835051546
0.04 0.041666666666662
0.05 0.052631578947315
0.06 0.063829787233643
0.07 0.075268817202126
0.08 0.086956521729682
0.09 0.09890109886658
0.1 0.111111111001111
0.11 0.123595505304135
0.12 0.136363635546327
0.13 0.149425285384945
0.14 0.162790693219897
0.15 0.176470578720563
0.16 0.190476171124786
0.17 0.204819239409348
0.18 0.2195121244267
0.19 0.234567773095282
0.2 0.249999774719995
0.21 0.265822399504863
0.22 0.282050639301113
0.23 0.298700250610465
0.24 0.315787799834698
0.25 0.333330710728338
0.26 0.351347313970934
0.27 0.369856898728608
0.28 0.388879766020909
0.29 0.408437283648236
0.3 0.428551942366909
0.31 0.44924741292324
0.32 0.470548603474608
0.33 0.492481716834674
0.34 0.515074306881598
0.35 0.538355333363027
0.36 0.562355214220079
0.37 0.587105874435554
0.38 0.612640790290228
0.39 0.638995027786676
0.4 0.666205273874451
0.41 0.694309858985742
0.42 0.723348769269297
0.43 0.75336364679548
0.44 0.78439777590026
0.45 0.816496053744449
0.46 0.849704943091242
0.47 0.884072405254529
0.48 0.919647811148129
0.49 0.956481828377272
0.5 0.994626282364437
0.51 1.0341339895978
0.52 1.07505856123815
0.53 1.11745417552483
0.54 1.16137531768823
0.55 1.20687648641049
0.56 1.25401186628012
0.57 1.30283496616293
0.58 1.35339822396105
0.59 1.40575257885142
0.6 1.45994701278153
0.61 1.51602806374521
0.62 1.57403931415466
0.63 1.6340208584532
0.64 1.69600875495862
0.65 1.76003446776897
0.66 1.82612430537819
0.67 1.89429886340974
0.68 1.9645724795564
0.69 2.03695270938141
0.7 2.11143983206171
0.71 2.18802639540931
0.72 2.26669680956462
0.73 2.3474269985946
0.74 2.43018411883143
0.75 2.51492635214407
0.76 2.60160278144398
0.77 2.6901533545937
0.78 2.78050894153078
0.79 2.87259148786427
0.8 2.96631426648416
0.81 3.06158222688793
0.82 3.15829244002502
0.83 3.25633463454474
0.84 3.35559181846513
0.85 3.45594097851819
0.86 3.55725384782783
0.87 3.65939773119188
0.88 3.76223637611362
0.89 3.86563087689471
0.9 3.96944059858618
0.91 4.07352410740626
0.92 4.17774009437496
0.93 4.28194827937151
0.94 4.38601028356849
0.95 4.48979045920263
0.96 4.59315666686559
0.97 4.69598099189136
0.98 4.79814039293122
0.99 4.8995172773898
