0.01 0.01010101010101
0.02 0.020408163265306
0.03 0.03092783505154
0.04 0.041666666666552
0.05 0.052631578946299
0.06 0.063829787227428
0.07 0.075268817173427
0.08 0.086956521621878
0.09 0.098901098520691
0.1 0.111111110021111
0.11 0.123595502793392
0.12 0.136363629627027
0.13 0.149425272371104
0.14 0.162790666261363
0.15 0.176470525668726
0.16 0.190476071289129
0.17 0.20481905877629
0.18 0.219511808797384
0.19 0.234567238466265
0.2 0.249998894079887
0.21 0.265820985050669
0.22 0.282048418890845
0.23 0.298696837064193
0.24 0.315782651476093
0.25 0.333323081324655
0.26 0.351336189983875
0.27 0.369840921534671
0.28 0.38885713650145
0.29 0.408405646291104
0.3 0.428508245768341
0.31 0.449187743336813
0.32 0.470467987830201
0.33 0.492373891452172
0.34 0.514931447939914
0.35 0.538167745063959
0.36 0.562110970518443
0.37 0.586790410202418
0.38 0.612236437845835
0.39 0.63848049489527
0.4 0.665555059546212
0.41 0.693493603793048
0.42 0.72233053736679
0.43 0.752101137446684
0.44 0.782841463067245
0.45 0.814588253199702
0.46 0.847378807568348
0.47 0.881250849370425
0.48 0.916242369204758
0.49 0.952391449681184
0.5 0.989736070381232
0.51 1.02831389307127
0.52 1.06816202733241
0.53 1.10931677706645
0.54 1.15181336866199
0.55 1.19568566195743
0.56 1.24096584551349
0.57 1.28768411810254
0.58 1.33586835872909
0.59 1.385543787907
0.6 1.4367326233267
0.61 1.48945373343861
0.62 1.54372229284702
0.63 1.59954944373998
0.64 1.65694196786273
0.65 1.71590197376324
0.66 1.77642660418602
0.67 1.83850776855434
0.68 1.90213190545024
0.69 1.96727977987002
0.7 2.03392631979312
0.71 2.10204049625301
0.72 2.17158525063902
0.73 2.24251747239332
0.74 2.31478802960336
0.75 2.38834185423945
0.76 2.46311808296375
0.77 2.53905025355838
0.78 2.61606655610783
0.79 2.69409013714571
0.8 2.77303945406296
0.81 2.85282867619761
0.82 2.93336812820871
0.83 3.01456477060146
0.84 3.09632271163768
0.85 3.17854374435092
0.86 3.26112790200388
0.87 3.34397402508481
0.88 3.4269803328449
0.89 3.51004499242912
0.9 3.59306667884495
0.91 3.67594511933712
0.92 3.75858161617967
0.93 3.84087954244343
0.94 3.92274480592937
0.95 4.00408627715568
0.96 4.08481617802917
0.97 4.16485042859814
0.98 4.24410895005491
0.99 4.32251592291179
