0.01 0.00010101010101
0.02 0.000408163265306
0.03 0.000927835051546
0.04 0.001666666666662
0.05 0.002631578947315
0.06 0.003829787233643
0.07 0.005268817202126
0.08 0.006956521729682
0.09 0.00890109886658
0.1 0.011111111001111
0.11 0.013595505304135
0.12 0.016363635546327
0.13 0.019425285384945
0.14 0.022790693219897
0.15 0.026470578720563
0.16 0.030476171124786
0.17 0.034819239409348
0.18 0.0395121244267
0.19 0.044567773095282
0.2 0.049999774719995
0.21 0.055822399504863
0.22 0.062050639301113
0.23 0.068700250610465
0.24 0.075787799834698
0.25 0.083330710728338
0.26 0.091347313970934
0.27 0.099856898728608
0.28 0.108879766020909
0.29 0.118437283648236
0.3 0.128551942366909
0.31 0.13924741292324
0.32 0.150548603474608
0.33 0.162481716834674
0.34 0.175074306881598
0.35 0.188355333363027
0.36 0.202355214220079
0.37 0.217105874435553
0.38 0.232640790290228
0.39 0.248995027786676
0.4 0.266205273874451
0.41 0.284309858985742
0.42 0.303348769269297
0.43 0.32336364679548
0.44 0.344397775900259
0.45 0.366496053744449
0.46 0.389704943091242
0.47 0.414072405254529
0.48 0.439647811148129
0.49 0.466481828377272
0.5 0.494626282364436
0.51 0.524133989597799
0.52 0.555058561238152
0.53 0.587454175524829
0.54 0.621375317688229
0.55 0.656876486410494
0.56 0.694011866280119
0.57 0.732834966162931
0.58 0.773398223961054
0.59 0.815752578851422
0.6 0.859947012781533
0.61 0.90602806374521
0.62 0.954039314154656
0.63 1.0040208584532
0.64 1.05600875495862
0.65 1.11003446776897
0.66 1.16612430537819
0.67 1.22429886340974
0.68 1.2845724795564
0.69 1.34695270938141
0.7 1.41143983206171
0.71 1.47802639540931
0.72 1.54669680956462
0.73 1.6174269985946
0.74 1.69018411883143
0.75 1.76492635214407
0.76 1.84160278144397
0.77 1.9201533545937
0.78 2.00050894153078
0.79 2.08259148786427
0.8 2.16631426648416
0.81 2.25158222688793
0.82 2.33829244002502
0.83 2.42633463454474
0.84 2.51559181846513
0.85 2.60594097851819
0.86 2.69725384782783
0.87 2.78939773119188
0.88 2.88223637611361
0.89 2.97563087689471
0.9 3.06944059858618
0.91 3.16352410740626
0.92 3.25774009437496
0.93 3.35194827937151
0.94 3.44601028356849
0.95 3.53979045920263
0.96 3.63315666686558
0.97 3.72598099189136
0.98 3.81814039293121
0.99 3.9095172773898
