0.01 98.2352827128529
0.02 94.4410949833217
0.03 92.4456839195855
0.04 88.0993058593779
0.05 86.7385754172305
0.06 84.3701401370211
0.07 82.1117794471723
0.08 78.287044078167
0.09 76.6697799501124
0.1 73.8821529465727
0.11 73.2290033599086
0.12 70.7068894001052
0.13 67.4095011753576
0.14 64.9056002174931
0.15 63.7666801921677
0.16 60.6083085932746
0.17 61.1276618083486
0.18 57.9479662132935
0.19 55.1912611588603
0.2 54.379935959427
0.21 50.2659039477298
0.22 50.312443866873
0.23 47.1234220345346
0.24 46.037750768267
0.25 44.7365301538691
0.26 41.7871185482254
0.27 42.7062622725351
0.28 40.1007952392327
0.29 40.6120278071523
0.3 38.7594593147071
0.31 34.8188224568418
0.32 33.477973968743
0.33 34.4453385394165
0.34 31.5704024311644
0.35 30.9380987820859
0.36 27.7055060281691
0.37 30.1035092185618
0.38 28.5836895064612
0.39 26.3571680520131
0.4 24.9695014638737
0.41 24.9401739121174
0.42 27.2505508158242
0.43 24.107258125316
0.44 23.1806952156852
0.45 18.0614158192091
0.46 20.9880405797789
0.47 19.5660368578226
0.48 17.6573211878043
0.49 21.8382115456616
0.5 14.4264194426172
0.51 14.5108458366382
0.52 15.8830517464996
0.53 13.5177326045157
0.54 13.2402014470708
0.55 12.7211309086364
0.56 12.1158911291885
0.57 10.7687770702175
0.58 12.6482183825892
0.59 8.97642754214574
0.6 11.999199072969
0.61 7.0610640649846
0.62 8.94521970972674
0.63 7.29324294009586
0.64 7.80940085454427
0.65 8.84424447126785
0.66 3.14390844572768
0.67 2.25140867738916
0.68 5.21762518151665
0.69 0.817541753884223
0.7 1.17313695668051
0.71 1.46849093882029
0.72 2.48888676836511
0.73 0.285179023663348
0.74 0.454241438404443
0.75 2.31403129407875
0.76 1.30722447504511
0.77 1.6201074238084
0.78 0.882797857940718
0.79 1.69626634689095
0.8 2.15800136527098
0.81 3.98436223205825
0.82 1.59980551017904
0.83 0.343740353506966
0.84 2.26185210623748
0.85 1.0923690281654
0.86 2.73669853979324
0.87 2.13201783792687
0.88 1.88301175462136
0.89 2.51582730196142
0.9 4.81291156570437
0.91 3.90247790521906
0.92 4.81495979651445
0.93 3.81132480207766
0.94 3.2552214918523
0.95 1.95443115150554
0.96 3.53076578750343
0.97 2.03965043710461
0.98 3.37281428192216
0.99 3.91264094248609
