0.01 1.11705823134813
0.02 1.51560000638528
0.03 2.84014033537655
0.04 3.72461246701055
0.05 4.04433791575134
0.06 4.42777088156048
0.07 5.98534623479744
0.08 6.03086943781791
0.09 6.92193243878467
0.1 6.95134236792919
0.11 8.40103130615182
0.12 8.67791202376378
0.13 8.05345349722786
0.14 9.10542206628234
0.15 9.80914303885894
0.16 9.88515587974288
0.17 10.8232914766322
0.18 10.4914077080145
0.19 10.4984937872382
0.2 11.1746433379347
0.21 10.3231248430821
0.22 11.1265051008452
0.23 10.7986631218258
0.24 11.1786015565607
0.25 11.5398705103218
0.26 10.8888972999099
0.27 11.8630603052047
0.28 11.3015936999069
0.29 11.7493344427575
0.3 11.8486405484883
0.31 10.9178288959393
0.32 10.9061076506822
0.33 11.0903520388572
0.34 10.7658831386741
0.35 10.7252232103597
0.36 9.63404600134639
0.37 11.1061558852901
0.38 10.9154267653556
0.39 10.3074235923171
0.4 10.265484116309
0.41 10.3563213651696
0.42 11.5078288558306
0.43 10.5508231208497
0.44 10.1498757000392
0.45 7.97403455787102
0.46 9.50291067754381
0.47 9.43302411471153
0.48 8.56892621415507
0.49 11.0216736393331
0.5 7.26842739491942
0.51 7.42342483956674
0.52 8.20864102770035
0.53 7.1858887551153
0.54 7.28116503298236
0.55 7.09315152009116
0.56 6.86442552721691
0.57 6.39139073912485
0.58 7.70497182472466
0.59 5.35347140251502
0.6 7.44317282089422
0.61 4.46467293784237
0.62 5.808343055688
0.63 4.95862261698045
0.64 5.30601907211499
0.65 6.29315855998018
0.66 2.23015069824977
0.67 1.74143813993757
0.68 4.08052332747726
0.69 0.844486285331177
0.7 1.15617532808309
0.71 1.61675454331961
0.72 2.54118875581871
0.73 0.523283053445527
0.74 1.02300872582766
0.75 1.08639971024065
0.76 0.210953078131781
0.77 2.14392709447007
0.78 1.77992429129999
0.79 0.201770070258912
0.8 0.546082267560624
0.81 1.92252402851426
0.82 0.0820141233138735
0.83 1.14548819871681
0.84 0.402465346676512
0.85 0.842590456467981
0.86 0.581119522211683
0.87 0.00512050328745421
0.88 0.277484644980449
0.89 0.1923383765789
0.9 2.04261657531471
0.91 1.21432125883655
0.92 1.866371998182
0.93 0.886746344892443
0.94 0.197412716858904
0.95 1.02795409640564
0.96 0.332974776881413
0.97 1.09253414821998
0.98 0.00103188555268704
0.99 0.39014094054451
