0.01 50.4999999999505
0.02 15.1500000000345
0.03 9.46666666662844
0.04 9.39999999974631
0.05 6.51999999810236
0.06 2.86666665653296
0.07 5.29183669559643
0.08 2.06250013862257
0.09 1.80987616242373
0.1 4.32999905286603
0.11 5.70413005465221
0.12 5.70555084586056
0.13 2.65265284259019
0.14 0.661205073680867
0.15 1.9666314290235
0.16 0.53756383813175
0.17 4.30577874410862
0.18 0.891180699112326
0.19 0.364000472653568
0.2 2.73956178335984
0.21 2.23494601844967
0.22 1.4010503496479
0.23 2.75071687911301
0.24 2.99810809953309
0.25 0.144857432851521
0.26 3.57173723805843
0.27 2.5906059186143
0.28 0.542097031121146
0.29 2.61512553549866
0.3 2.36631381128943
0.31 2.86726122442283
0.32 2.05342092456767
0.33 1.97050898836314
0.34 0.580149729845227
0.35 0.0665409154013394
0.36 3.87674012263856
0.37 2.02015465816192
0.38 2.0507110056995
0.39 1.65263228342433
0.4 1.8988076577074
0.41 0.742098425031337
0.42 5.31360958151362
0.43 1.39584237133953
0.44 1.96510441525587
0.45 3.30807006833553
0.46 2.7469354138358
0.47 0.814448200781689
0.48 0.257521776103994
0.49 5.41968129074152
0.5 3.64390617283946
0.51 2.18951844947268
0.52 1.0933190949465
0.53 0.742896332455226
0.54 0.140765538455114
0.55 0.145158733678609
0.56 1.00313360885807
0.57 0.580626475746386
0.58 2.24311660197549
0.59 0.763395827365473
0.6 3.90338152032869
0.61 0.808135702168381
0.62 1.88873916276945
0.63 0.462056291733208
0.64 2.47239947926759
0.65 2.930041247669
0.66 1.70956857085167
0.67 2.52725355834198
0.68 0.412003187101722
0.69 2.58860540357047
0.7 1.6082986623049
0.71 1.16937049597823
0.72 0.356036783070117
0.73 1.28432389365628
0.74 0.0434342521176691
0.75 2.55952027692556
0.76 0.69978274826026
0.77 2.45622853408392
0.78 2.41933142741884
0.79 0.257300203470455
0.8 0.389866495665484
0.81 2.12684984542008
0.82 1.70391176668172
0.83 3.39914508784199
0.84 2.62052921230082
0.85 3.2725598630667
0.86 1.90318934456859
0.87 2.61625405283088
0.88 3.5113836239233
0.89 3.92524750975146
0.9 1.81956929259043
0.91 2.7663486806177
0.92 2.47104102976024
0.93 3.64260630520243
0.94 3.87434373614911
0.95 5.64610989000877
0.96 4.25130763763176
0.97 6.64149904226288
0.98 4.98175481664744
0.99 4.74527324543907
