0.01 0.30699999999899
0.02 1.46099999999941
0.03 0.89833333333208
0.04 1.59999999998898
0.05 1.29499999989981
0.06 0.970999999380118
0.07 2.33671428289206
0.08 0.349000010903621
0.09 0.271888923886228
0.1 0.368000099364416
0.11 3.20845429967455
0.12 2.00466607932163
0.13 0.599152534752474
0.14 0.510282991899859
0.15 1.14499467005349
0.16 0.222510182093244
0.17 1.66939366595067
0.18 0.0263655474389533
0.19 0.813314237547484
0.2 1.73191144865807
0.21 0.619812513244136
0.22 0.606047447055105
0.23 0.920571504012875
0.24 1.03936889487818
0.25 0.0207869450464373
0.26 1.76255396948284
0.27 0.642653614621944
0.28 0.187778856833538
0.29 1.18189103725248
0.3 1.42385129167955
0.31 0.928794903816827
0.32 0.134183062223472
0.33 0.784134050598753
0.34 0.140890956645756
0.35 0.0362833524480566
0.36 2.14184655451729
0.37 0.465993367582004
0.38 0.84075209680177
0.39 1.00235086891195
0.4 0.937357653930218
0.41 0.288035516111421
0.42 2.33895044659961
0.43 1.02920373560113
0.44 1.14709349984238
0.45 2.00049298225552
0.46 1.43637426032149
0.47 0.660851443818903
0.48 0.266644341686587
0.49 3.30396536972233
0.5 1.8020555009822
0.51 1.32342719027384
0.52 0.489141840989166
0.53 0.344906807746185
0.54 0.129615092150017
0.55 0.188379972193171
0.56 0.80955105394922
0.57 0.0211104126164936
0.58 1.99484700682088
0.59 0.398179682028504
0.6 2.96291662661911
0.61 0.324659969857741
0.62 1.51262512572272
0.63 0.18609667296919
0.64 2.00581246170789
0.65 2.43656976918955
0.66 0.794890828573793
0.67 1.47448415504965
0.68 0.746344546153605
0.69 1.3612142535703
0.7 0.686743127514423
0.71 0.21634129280238
0.72 0.902053132044175
0.73 0.289380730879598
0.74 0.756902272913841
0.75 1.29362228950339
0.76 0.215743213530075
0.77 2.61447379843975
0.78 2.87425587226414
0.79 0.812210436563484
0.8 0.675055462275479
0.81 0.408866141243423
0.82 2.56887041227801
0.83 3.97178573641337
0.84 3.46769883705202
0.85 4.1398559584064
0.86 3.05499276904811
0.87 3.68387754200125
0.88 4.57936075488132
0.89 5.0548250238438
0.9 3.49446213241194
0.91 4.3663447844306
0.92 4.23027977764606
0.93 5.31412956265109
0.94 5.62584826790995
0.95 7.20413262359843
0.96 6.08833286447464
0.97 8.23131508749314
0.98 6.98333865813627
0.99 6.93021900252788
