0.01 0.01010101010101
0.02 0.020408163265306
0.03 0.030927835051546
0.04 0.041666666666667
0.05 0.052631578947368
0.06 0.063829787234043
0.07 0.075268817204301
0.08 0.08695652173913
0.09 0.098901098901099
0.1 0.111111111111111
0.11 0.123595505617978
0.12 0.136363636363636
0.13 0.149425287356322
0.14 0.162790697674418
0.15 0.176470588235293
0.16 0.190476190476188
0.17 0.204819277108425
0.18 0.219512195121925
0.19 0.23456790123449
0.2 0.249999999999782
0.21 0.265822784809548
0.22 0.282051282049816
0.23 0.298701298697734
0.24 0.315789473675865
0.25 0.333333333314461
0.26 0.35135135131002
0.27 0.369863013610753
0.28 0.388888888707107
0.29 0.408450703858796
0.3 0.428571427849664
0.31 0.449275360928906
0.32 0.470588232672616
0.33 0.492537308584203
0.34 0.515151506346935
0.35 0.538461522747749
0.36 0.562499972409492
0.37 0.587301539599904
0.38 0.612903144530775
0.39 0.63934412572042
0.4 0.666666440167269
0.41 0.694914883271817
0.42 0.724137330647606
0.43 0.754385004177699
0.44 0.785712764898289
0.45 0.81817943552139
0.46 0.851848155637483
0.47 0.886786772857752
0.48 0.923068273352186
0.49 0.960771255398562
0.5 0.99998044965787
0.51 1.04078728990829
0.52 1.08329053787002
0.53 1.12759696549753
0.54 1.17382209765549
0.55 1.22209101737237
0.56 1.27253923481234
0.57 1.32531361964326
0.58 1.38057339451421
0.59 1.43849118478966
0.6 1.49925411640754
0.61 1.5630649496172
0.62 1.63014323129195
0.63 1.70072644238424
0.64 1.77507110980048
0.65 1.85345384344819
0.66 1.93617224942618
0.67 2.02354565933969
0.68 2.11591560367412
0.69 2.21364594433744
0.7 2.31712256833815
0.71 2.42675253177453
0.72 2.54296253179567
0.73 2.66619657516934
0.74 2.79691270707293
0.75 2.93557866452842
0.76 3.08266632759846
0.77 3.2386448602677
0.78 3.40397246405769
0.79 3.57908671280642
0.8 3.7643934980421
0.81 3.96025469135755
0.82 4.1669747220807
0.83 4.38478637240077
0.84 4.61383620279467
0.85 4.85417013056669
0.86 5.10571978377413
0.87 5.36829033023827
0.88 5.64155052444666
0.89 5.92502571230892
0.9 6.2180944756979
0.91 6.51998948050762
0.92 6.82980291450207
0.93 7.1464966723919
0.94 7.46891718035966
0.95 7.79581447179302
0.96 8.12586485542301
0.97 8.45769628248944
0.98 8.78991534451206
0.99 9.12113473537969
