0.01 0
0.02 0.001131565587644
0.03 0.003148307660242
0.04 0.004677495042377
0.05 0.009965214692222
0.06 0.011002865751387
0.07 0.012543534770291
0.08 0.015155753566658
0.09 0.019628863348438
0.1 0.022151336587679
0.11 0.024406142883795
0.12 0.03379947092574
0.13 0.040552226147335
0.14 0.05565354124351
0.15 0.068589882513611
0.16 0.06709570670013
0.17 0.07483096801794
0.18 0.087765151794344
0.19 0.090576961470858
0.2 0.106446527033238
0.21 0.113946859150983
0.22 0.129570316055197
0.23 0.139936059664852
0.24 0.155330392114001
0.25 0.170665302180188
0.26 0.190667693619756
0.27 0.250162021086852
0.28 0.193199989815615
0.29 0.21266398116937
0.3 0.225283866743271
0.31 0.236676024159898
0.32 0.317500828473757
0.33 0.345502479551979
0.34 0.408825756814072
0.35 0.460164499827584
0.36 0.412062102802532
0.37 0.527005901139429
0.38 0.541395759322422
0.39 0.527355034781907
0.4 0.500090332307985
0.41 0.48459582667843
0.42 0.411210080004209
0.43 0.361678128759726
0.44 0.437030494978967
0.45 0.465309967070672
0.46 0.582663169462802
0.47 0.57059561449876
0.48 0.649887970236809
0.49 0.714686502427688
0.5 0.730522210623961
0.51 0.754613449769051
0.52 0.770805803437236
0.53 0.832274230987466
0.54 1.03852417260872
0.55 1.07704278501984
0.56 0.925160726020357
0.57 0.879151999067475
0.58 1.27022627930958
0.59 1.02812737118555
0.6 1.41846622859412
0.61 1.32573195861423
0.62 1.81070599042692
0.63 1.64823534868984
0.64 1.7178753208709
0.65 1.73326267179224
0.66 1.83138965773546
0.67 1.98796414994845
0.68 2.51607753669982
0.69 2.32980394660021
0.7 2.45902963340857
0.71 2.33130569152229
0.72 2.37605815632335
0.73 2.7552801914696
0.74 2.19139653503995
0.75 3.03708204353522
0.76 3.10428250937588
0.77 2.70431479203255
0.78 2.54924278919625
0.79 3.19176513735483
0.8 3.39276103144476
0.81 2.6875951603793
0.82 3.06195311347153
0.83 1.87713298472542
0.84 2.5424080449736
0.85 2.82314783018753
0.86 3.68705112927688
0.87 4.02077625099306
0.88 4.06126068421352
0.89 4.29268511648766
0.9 3.64950828631683
0.91 3.47026360389547
0.92 3.6912404872622
0.93 3.3938025673258
0.94 3.19834052494096
0.95 4.0377042983774
0.96 4.38430367199397
0.97 4.2773393475831
0.98 4.58409851851713
0.99 4.38711190243067
