0.01 0.967952177071416
0.02 0.975764304677534
0.03 0.972708336132269
0.04 0.979254509909464
0.05 0.982277649597686
0.06 0.987550161362707
0.07 0.985588924812483
0.08 0.992579449946216
0.09 0.99616048588499
0.1 0.989619448322965
0.11 0.991663316730326
0.12 1.00240018893404
0.13 1.00056001134677
0.14 1.00722101701624
0.15 1.02685503366791
0.16 1.03371679626018
0.17 1.0442801245912
0.18 1.05644848090476
0.19 1.06374146934105
0.2 1.08239933610629
0.21 1.08921861168905
0.22 1.10026164542309
0.23 1.11561567531875
0.24 1.13733935449884
0.25 1.1548299158401
0.26 1.17263118787052
0.27 1.24194277796948
0.28 1.23096052504317
0.29 1.24458057881257
0.3 1.25919098262244
0.31 1.26785365065493
0.32 1.35843965525562
0.33 1.38548631403697
0.34 1.45161230881569
0.35 1.50594787275829
0.36 1.43552925517897
0.37 1.56597274206792
0.38 1.58345690181018
0.39 1.55247310167338
0.4 1.51225137178399
0.41 1.48863054267336
0.42 1.39851869681672
0.43 1.33201528456029
0.44 1.42067274130242
0.45 1.45019291892541
0.46 1.5729710432183
0.47 1.56829792376875
0.48 1.6439503478688
0.49 1.69266167633989
0.5 1.73568959357066
0.51 1.7615026795518
0.52 1.77752090563613
0.53 1.81962779057653
0.54 2.03678788873736
0.55 2.08107850837542
0.56 1.90667776253743
0.57 1.85597718590323
0.58 2.25255340678591
0.59 1.99904641537736
0.6 2.41839924024428
0.61 2.31678647081718
0.62 2.82194926636787
0.63 2.63955610388711
0.64 2.71288384070189
0.65 2.73701110174159
0.66 2.8547376187476
0.67 3.008656431875
0.68 3.53433884030245
0.69 3.33164568213326
0.7 3.4464101973139
0.71 3.33878733859647
0.72 3.368546325184
0.73 3.79148589467703
0.74 3.17454608501906
0.75 4.02559201212524
0.76 4.12338108579566
0.77 3.68510009673872
0.78 3.52674070986805
0.79 4.15729174757942
0.8 4.42298974162891
0.81 3.65825339526205
0.82 4.03882377899264
0.83 2.84615059454988
0.84 3.4934321504565
0.85 3.7583838351321
0.86 4.65065575334268
0.87 4.99468971804481
0.88 5.01361117945709
0.89 5.2468627349107
0.9 4.60374269748582
0.91 4.41577892534901
0.92 4.63666573424069
0.93 4.31758207200105
0.94 4.12478135128895
0.95 4.97726247454529
0.96 5.32501018972321
0.97 5.20398435172949
0.98 5.52170604576812
0.99 5.31129432841531
