0.01 0.007
0.02 0.021
0.03 0.033
0.04 0.044
0.05 0.053
0.06 0.063
0.07 0.071
0.08 0.083
0.09 0.095
0.1 0.099
0.11 0.112
0.12 0.123
0.13 0.137
0.14 0.148
0.15 0.163
0.16 0.183
0.17 0.2
0.18 0.221
0.19 0.231
0.2 0.243
0.21 0.252
0.22 0.271
0.23 0.283
0.24 0.304
0.25 0.319
0.26 0.343
0.27 0.384
0.28 0.363
0.29 0.387
0.3 0.407
0.31 0.423
0.32 0.493
0.33 0.502
0.34 0.557
0.35 0.593
0.36 0.566
0.37 0.689
0.38 0.719
0.39 0.713
0.4 0.68
0.41 0.673
0.42 0.61
0.43 0.576
0.44 0.663
0.45 0.682
0.46 0.779
0.47 0.787
0.48 0.835
0.49 0.895
0.5 0.962
0.51 0.977
0.52 0.975
0.53 1.006
0.54 1.181
0.55 1.235
0.56 1.121
0.57 1.084
0.58 1.394
0.59 1.235
0.6 1.538
0.61 1.52
0.62 1.898
0.63 1.821
0.64 1.857
0.65 1.857
0.66 1.927
0.67 2.084
0.68 2.408
0.69 2.36
0.7 2.381
0.71 2.395
0.72 2.418
0.73 2.722
0.74 2.28
0.75 2.993
0.76 3.038
0.77 2.854
0.78 2.801
0.79 3.391
0.8 3.542
0.81 2.857
0.82 3.321
0.83 2.182
0.84 2.833
0.85 3.101
0.86 3.559
0.87 3.919
0.88 3.977
0.89 4.179
0.9 3.757
0.91 3.57
0.92 3.887
0.93 3.604
0.94 3.596
0.95 4.298
0.96 4.462
0.97 4.382
0.98 4.714
0.99 4.324
