0.01 0
0.02 0
0.03 0.001
0.04 0.002
0.05 0.003
0.06 0.004
0.07 0.005
0.08 0.006
0.09 0.007
0.1 0.008
0.11 0.008
0.12 0.011
0.13 0.018
0.14 0.019
0.15 0.022
0.16 0.025
0.17 0.03
0.18 0.037
0.19 0.041
0.2 0.044
0.21 0.046
0.22 0.054
0.23 0.06
0.24 0.072
0.25 0.077
0.26 0.087
0.27 0.108
0.28 0.077
0.29 0.088
0.3 0.096
0.31 0.11
0.32 0.157
0.33 0.162
0.34 0.201
0.35 0.22
0.36 0.193
0.37 0.291
0.38 0.3
0.39 0.302
0.4 0.27
0.41 0.265
0.42 0.219
0.43 0.189
0.44 0.246
0.45 0.26
0.46 0.336
0.47 0.331
0.48 0.372
0.49 0.425
0.5 0.448
0.51 0.465
0.52 0.455
0.53 0.492
0.54 0.64
0.55 0.678
0.56 0.597
0.57 0.565
0.58 0.827
0.59 0.704
0.6 0.955
0.61 0.912
0.62 1.255
0.63 1.19
0.64 1.214
0.65 1.199
0.66 1.238
0.67 1.4
0.68 1.712
0.69 1.655
0.7 1.703
0.71 1.679
0.72 1.723
0.73 1.942
0.74 1.555
0.75 2.268
0.76 2.253
0.77 2.093
0.78 2.034
0.79 2.623
0.8 2.688
0.81 2.078
0.82 2.505
0.83 1.444
0.84 2.098
0.85 2.323
0.86 2.753
0.87 3.111
0.88 3.181
0.89 3.373
0.9 2.958
0.91 2.757
0.92 3.054
0.93 2.792
0.94 2.784
0.95 3.456
0.96 3.619
0.97 3.555
0.98 3.863
0.99 3.489
