0.01 1.00091201482001
0.02 1.00148187089709
0.03 1.00322695246089
0.04 1.00427615864582
0.05 1.00748066526385
0.06 1.01042939258096
0.07 1.01456190743417
0.08 1.01830428918754
0.09 1.02494558153911
0.1 1.02949311275202
0.11 1.03547078389581
0.12 1.04230971661426
0.13 1.04927946368491
0.14 1.05760796656574
0.15 1.06677121816328
0.16 1.07453596140132
0.17 1.0849677782496
0.18 1.0948612096562
0.19 1.10567677015102
0.2 1.11715054356819
0.21 1.12853839527795
0.22 1.14041006496281
0.23 1.1547325243897
0.24 1.16890312284249
0.25 1.18224532797942
0.26 1.19804631300357
0.27 1.21457866460368
0.28 1.23300525549956
0.29 1.24831034223204
0.3 1.2664928122125
0.31 1.2877179888221
0.32 1.30457095102454
0.33 1.32499996375403
0.34 1.34679352920947
0.35 1.37119326995226
0.36 1.39274398508247
0.37 1.41661184930659
0.38 1.4402779609587
0.39 1.46922636493497
0.4 1.49387685086285
0.41 1.52415071126882
0.42 1.55116041901302
0.43 1.58362207391782
0.44 1.610159641762
0.45 1.64452203976566
0.46 1.68102648981129
0.47 1.71735541861933
0.48 1.75436207237681
0.49 1.78385032148199
0.5 1.82811434205246
0.51 1.86844788375054
0.52 1.91075082623938
0.53 1.9563638452091
0.54 1.99512054383236
0.55 2.04674056471215
0.56 2.09402431708933
0.57 2.14793427240729
0.58 2.19232027654869
0.59 2.2477457279275
0.6 2.31092517916848
0.61 2.3639818760165
0.62 2.42528068781115
0.63 2.48971814642201
0.64 2.54808180120186
0.65 2.60837020273763
0.66 2.67721639011987
0.67 2.75002685890018
0.68 2.8177147217243
0.69 2.89387968441486
0.7 2.96874692456392
0.71 3.04161298475671
0.72 3.11384037803982
0.73 3.1979376581464
0.74 3.2778429912974
0.75 3.36039046183888
0.76 3.44977345757357
0.77 3.53447840402273
0.78 3.63263264151864
0.79 3.69983373669874
0.8 3.80709565604634
0.81 3.87928651652773
0.82 3.98169452244875
0.83 4.0645767263056
0.84 4.15503248582616
0.85 4.251257207146
0.86 4.32536992628609
0.87 4.42194706128991
0.88 4.50834683045231
0.89 4.59927838100044
0.9 4.68579765282726
0.91 4.76617026656592
0.92 4.85265503984732
0.93 4.94642515415353
0.94 5.01581694581531
0.95 5.09705916983683
0.96 5.17503628247081
0.97 5.25228383602871
0.98 5.3353902349038
0.99 5.37055754324692
