0.01 0.000322480418413
0.02 0.001180385468975
0.03 0.002725331307941
0.04 0.004710223053776
0.05 0.007381824164622
0.06 0.010510706606093
0.07 0.014541163607652
0.08 0.018516347573246
0.09 0.023900995587287
0.1 0.029080342797832
0.11 0.035514765567841
0.12 0.042084111183438
0.13 0.049352229444163
0.14 0.057238734253597
0.15 0.065780155890563
0.16 0.074558669438964
0.17 0.084272977003714
0.18 0.094481578359992
0.19 0.105542325962713
0.2 0.116841807975527
0.21 0.128860118355241
0.22 0.14076023118971
0.23 0.154973697580558
0.24 0.169082604415016
0.25 0.182942457635033
0.26 0.198657291322274
0.27 0.215016973301962
0.28 0.232808863353748
0.29 0.248205642240093
0.3 0.267454027980667
0.31 0.286928858950582
0.32 0.305324872959404
0.33 0.32552853967196
0.34 0.347364402316297
0.35 0.370941903764644
0.36 0.393174805388614
0.37 0.416842269375021
0.38 0.441060504005355
0.39 0.46924579532066
0.4 0.494139142635297
0.41 0.523697900301737
0.42 0.55187646929565
0.43 0.583908131469494
0.44 0.610606218933329
0.45 0.64441927011388
0.46 0.680531322256759
0.47 0.716787080420593
0.48 0.753992094492682
0.49 0.78479001681961
0.5 0.828012694942244
0.51 0.868415906305394
0.52 0.910445323626729
0.53 0.956595496641783
0.54 0.996138438094446
0.55 1.04744628136927
0.56 1.09473360743836
0.57 1.14873419201494
0.58 1.19322601037693
0.59 1.24930996387991
0.6 1.31222415459636
0.61 1.36595768639772
0.62 1.42732902488133
0.63 1.49181555747509
0.64 1.55083193876552
0.65 1.61198012670874
0.66 1.68089962654771
0.67 1.75385834594927
0.68 1.82229438984966
0.69 1.89919445132175
0.7 1.97423271861034
0.71 2.04864446266093
0.72 2.12136797992447
0.73 2.20672279228447
0.74 2.28798035131889
0.75 2.37197193720228
0.76 2.46238597393146
0.77 2.54840035704692
0.78 2.64717687887394
0.79 2.71684681698453
0.8 2.82547661901974
0.81 2.89957700021655
0.82 3.00395924533598
0.83 3.08889970679751
0.84 3.18202804238318
0.85 3.28030552401953
0.86 3.3576582673843
0.87 3.45688712218025
0.88 3.54573705213055
0.89 3.64003274465785
0.9 3.72991407247166
0.91 3.81313308262408
0.92 3.90321077522144
0.93 4.00043977153516
0.94 4.07359705143256
0.95 4.15918635706752
0.96 4.24070326420046
0.97 4.32196931381081
0.98 4.40952967623384
0.99 4.44990537736473
