0.01 0.0101656
0.02 0.020479
0.03 0.0310186
0.04 0.041503
0.05 0.0527154
0.06 0.0638166
0.07 0.075519
0.08 0.0866052
0.09 0.099104
0.1 0.1109492
0.11 0.1236588
0.12 0.1365016
0.13 0.149515
0.14 0.1630556
0.15 0.1764704
0.16 0.1904328
0.17 0.2048744
0.18 0.2198824
0.19 0.2351444
0.2 0.2506396
0.21 0.265955
0.22 0.2811122
0.23 0.2985778
0.24 0.315846
0.25 0.3331632
0.26 0.3515786
0.27 0.37016
0.28 0.3904354
0.29 0.4073708
0.3 0.428566
0.31 0.449793
0.32 0.4699958
0.33 0.4924382
0.34 0.5150114
0.35 0.5393138
0.36 0.5626364
0.37 0.5865414
0.38 0.6114038
0.39 0.6397552
0.4 0.6653322
0.41 0.6951072
0.42 0.7235336
0.43 0.755274
0.44 0.7824672
0.45 0.815238
0.46 0.8502736
0.47 0.8862376
0.48 0.921786
0.49 0.9537972
0.5 0.9944188
0.51 1.0345264
0.52 1.0737734
0.53 1.1197936
0.54 1.1583096
0.55 1.2079832
0.56 1.254502
0.57 1.3051084
0.58 1.3479662
0.59 1.4032772
0.6 1.4612118
0.61 1.5146858
0.62 1.5719618
0.63 1.6352948
0.64 1.6928892
0.65 1.7519566
0.66 1.8174004
0.67 1.8866852
0.68 1.9537556
0.69 2.0260698
0.7 2.0976696
0.71 2.1731738
0.72 2.2437256
0.73 2.3236868
0.74 2.402719
0.75 2.4868612
0.76 2.5702928
0.77 2.6528276
0.78 2.747978
0.79 2.8155094
0.8 2.9195034
0.81 2.9945916
0.82 3.0923488
0.83 3.176473
0.84 3.2649938
0.85 3.3593322
0.86 3.4370522
0.87 3.5351848
0.88 3.6192212
0.89 3.7093478
0.9 3.7934408
0.91 3.8784426
0.92 3.9634944
0.93 4.0562662
0.94 4.1279922
0.95 4.210344
0.96 4.2900202
0.97 4.3669154
0.98 4.4499808
0.99 4.4940348
