0.01 0.000103
0.02 0.0004028
0.03 0.0009408
0.04 0.001646
0.05 0.0026318
0.06 0.003831
0.07 0.005291
0.08 0.0068488
0.09 0.0089272
0.1 0.0110096
0.11 0.0135838
0.12 0.0163344
0.13 0.019441
0.14 0.0227978
0.15 0.0264866
0.16 0.0303908
0.17 0.034737
0.18 0.0396226
0.19 0.0448796
0.2 0.050172
0.21 0.0559646
0.22 0.061624
0.23 0.0687846
0.24 0.0760634
0.25 0.0832466
0.26 0.0915448
0.27 0.1000488
0.28 0.1097406
0.29 0.1180326
0.3 0.128777
0.31 0.1395524
0.32 0.15035
0.33 0.1622652
0.34 0.1752324
0.35 0.1888888
0.36 0.2025444
0.37 0.216624
0.38 0.2321978
0.39 0.2494954
0.4 0.2657984
0.41 0.2850146
0.42 0.303757
0.43 0.3247256
0.44 0.3430182
0.45 0.3655716
0.46 0.3902598
0.47 0.415832
0.48 0.4415112
0.49 0.4644252
0.5 0.4948144
0.51 0.5246366
0.52 0.5544154
0.53 0.589799
0.54 0.6195864
0.55 0.6583092
0.56 0.6951398
0.57 0.736032
0.58 0.7699868
0.59 0.8151394
0.6 0.8635974
0.61 0.9074408
0.62 0.9550424
0.63 1.0084818
0.64 1.0569638
0.65 1.1075546
0.66 1.1637158
0.67 1.2233644
0.68 1.281765
0.69 1.3452172
0.7 1.4077832
0.71 1.474573
0.72 1.5370658
0.73 1.6090192
0.74 1.6800868
0.75 1.755794
0.76 1.8320074
0.77 1.9072812
0.78 1.9941686
0.79 2.0561066
0.8 2.1521746
0.81 2.2212088
0.82 2.3127434
0.83 2.3909834
0.84 2.4744602
0.85 2.5630212
0.86 2.6364838
0.87 2.7291188
0.88 2.8095954
0.89 2.8957942
0.9 2.9770406
0.91 3.058235
0.92 3.1407316
0.93 3.2307556
0.94 3.3005628
0.95 3.38129
0.96 3.4594534
0.97 3.5352672
0.98 3.6171698
0.99 3.6617318
