0.01 0.992684226317247
0.02 1.94726836101532
0.03 2.76830990764617
0.04 3.46925506245014
0.05 4.34980504966994
0.06 4.95002223242015
0.07 5.70493663665537
0.08 6.28437374624301
0.09 6.84701817670644
0.1 7.37503768524168
0.11 7.87604484373082
0.12 8.22570193704354
0.13 8.68402575039241
0.14 9.06217044951471
0.15 9.39519947410166
0.16 9.66728019526468
0.17 10.0530639709491
0.18 10.2678503161669
0.19 10.3596907748506
0.2 10.6920515425776
0.21 10.8582534201344
0.22 10.9733835306559
0.23 11.1888440395477
0.24 11.0938735190486
0.25 11.2349052506639
0.26 11.2414242984583
0.27 11.2558510265218
0.28 11.3038999507287
0.29 11.3125676974448
0.3 11.2795465781662
0.31 11.2225768843805
0.32 11.2017567893941
0.33 11.229283709923
0.34 11.0581344439068
0.35 10.9180255349665
0.36 10.6637875979483
0.37 10.6837892140219
0.38 10.5054457980355
0.39 10.4054065514828
0.4 10.2253501053247
0.41 9.97088765216301
0.42 9.90385446993542
0.43 9.81443070297802
0.44 9.5959796056736
0.45 9.26822465083095
0.46 9.52537226336263
0.47 8.93145747892269
0.48 8.81568707905731
0.49 8.56262557866412
0.5 8.27089516332819
0.51 8.22234927982457
0.52 7.97883596730263
0.53 7.53019624460211
0.54 7.437719274744
0.55 7.27662061104188
0.56 6.75899064752191
0.57 6.70550886761342
0.58 6.50989090619582
0.59 6.33758215094417
0.6 6.12205955054317
0.61 5.78936440647086
0.62 5.49377100825755
0.63 5.46915137555368
0.64 4.70734664630861
0.65 4.78666624515215
0.66 4.36630925375015
0.67 4.30110152119102
0.68 4.11272150327578
0.69 3.94949871707697
0.7 3.48071166942478
0.71 3.55776404389163
0.72 3.20275714742908
0.73 2.82977001432742
0.74 2.63909850247032
0.75 2.67912841168084
0.76 2.15763465018992
0.77 1.80726992928331
0.78 1.50340712087518
0.79 1.62001089887349
0.8 1.11518304894914
0.81 0.472973382857958
0.82 0.909195366104443
0.83 0.263735807240583
0.84 0.735379823027229
0.85 0.195791895963492
0.86 0.375310325577074
0.87 0.39295711848071
0.88 0.11069809739036
0.89 0.170729564775798
0.9 0.0181389308269964
0.91 1.10785917445608
0.92 1.0384701555958
0.93 1.48533027528946
0.94 1.26149782081704
0.95 0.399580021644637
0.96 0.746961937770023
0.97 0.789529994269028
0.98 0.508475214064614
0.99 0.439920352466404
