0.01 97.0919075386963
0.02 94.3961792498192
0.03 91.6585874563307
0.04 88.6475168769401
0.05 85.8731402367992
0.06 83.2943720997069
0.07 80.7804040290587
0.08 78.4995011437689
0.09 76.1635639182781
0.1 73.7503422556465
0.11 71.4747462353496
0.12 68.886145947914
0.13 66.8109953375199
0.14 64.7934720682082
0.15 63.1700204287605
0.16 60.5772163077555
0.17 58.9486542598458
0.18 57.0833346452228
0.19 54.7543385791537
0.2 53.3857927747266
0.21 51.6998092022904
0.22 49.9388815381878
0.23 48.4339246829958
0.24 46.3758880089988
0.25 44.8553392716881
0.26 43.2948659186034
0.27 41.9283973280301
0.28 40.4380355465018
0.29 39.0487199810079
0.3 37.5172109701539
0.31 36.1488266217974
0.32 35.0219238201309
0.33 33.8879936937121
0.34 32.5374552645628
0.35 31.2572997434535
0.36 29.7380289038275
0.37 28.9221857102161
0.38 27.6227547412133
0.39 26.5955949492234
0.4 25.539173423139
0.41 24.3540481705968
0.42 23.6496743656519
0.43 22.7399320755532
0.44 21.8403370044341
0.45 20.5889657787316
0.46 20.5960420141003
0.47 19.0260606209446
0.48 18.3673110077967
0.49 17.5142548562734
0.5 16.507050310645
0.51 16.1330847809392
0.52 15.2862157180981
0.53 14.2020911405163
0.54 13.7967204127604
0.55 13.2038444946385
0.56 12.1117190468247
0.57 11.7376253364153
0.58 11.2135219637668
0.59 10.7107893041038
0.6 10.1740421496493
0.61 9.50708334710205
0.62 8.8846316303557
0.63 8.63179376010669
0.64 7.37540714831941
0.65 7.33791286708691
0.66 6.62492612262203
0.67 6.41816848163715
0.68 6.0230241774182
0.69 5.70244621075865
0.7 4.99452024718596
0.71 5.00811624115419
0.72 4.42812062091811
0.73 3.82056487009591
0.74 3.52410280120615
0.75 3.52419605618629
0.76 2.79569384290728
0.77 2.29271142131652
0.78 1.85742857844598
0.79 1.95143579918933
0.8 1.29865980689506
0.81 0.472072019952536
0.82 0.950123125481747
0.83 0.161678676274494
0.84 0.673948863431477
0.85 0.0127434818806708
0.86 0.175564614694225
0.87 0.748413481221714
0.88 0.452960138254259
0.89 0.55628205986985
0.9 0.429738888792757
0.91 1.68645202728767
0.92 1.64453819605895
0.93 2.15907021428844
0.94 1.9773032588005
0.95 1.08307586677252
0.96 1.51230930061245
0.97 1.60636230224399
0.98 1.3664183962269
0.99 0.430543119854379
