0.01 0.405999999900403
0.02 1.60799999997048
0.03 4.09933333329284
0.04 0.100000000019982
0.05 0.426400000016066
0.06 0.229444444456083
0.07 0.0990204081618343
0.08 0.335249999993771
0.09 0.931333333334441
0.1 0.573399999999005
0.11 0.352363636367092
0.12 1.00200000000224
0.13 0.62965680473289
0.14 0.208428571426838
0.15 0.70866666666622
0.16 0.500750000001571
0.17 0.259273356396412
0.18 0.101728395048536
0.19 1.11492520779004
0.2 0.15359999991214
0.21 0.328870748080453
0.22 0.198999999475598
0.23 0.476117201067935
0.24 0.35377778046113
0.25 0.328400005748022
0.26 0.410337290065823
0.27 0.101124852625675
0.28 0.0259795444733219
0.29 0.246266258807959
0.3 0.443155727165265
0.31 0.352279191284701
0.32 0.0896255661957162
0.33 0.0473194778397839
0.34 0.155358127039266
0.35 0.102443787104136
0.36 0.549239585842561
0.37 0.0181455958659663
0.38 0.330869505510342
0.39 0.219853503432618
0.4 0.290709735302464
0.41 0.539143377082219
0.42 0.0488352108288605
0.43 0.0836833962457456
0.44 0.0390503103951694
0.45 0.380975267941262
0.46 0.832490129018532
0.47 0.118111806997249
0.48 0.226119584630698
0.49 0.0506315929546928
0.5 0.202446771455138
0.51 0.396862229076417
0.52 0.260622630535709
0.53 0.282161202669565
0.54 0.120536629680385
0.55 0.0873198848517348
0.56 0.276853801495187
0.57 0.044014243130285
0.58 0.150778998985623
0.59 0.177884672908204
0.6 0.240491315610602
0.61 0.197964785869203
0.62 0.097614064478652
0.63 0.291221051971219
0.64 0.529516156332248
0.65 0.0806723846826898
0.66 0.281632001037966
0.67 0.0442527811192173
0.68 0.0902116549192949
0.69 0.199422755462367
0.7 0.0792480910589126
0.71 0.345343552221665
0.72 0.231563569670122
0.73 0.245539208760244
0.74 0.000451310751573965
0.75 0.421746012489147
0.76 0.103788096836345
0.77 0.187096325502408
0.78 0.149383185579251
0.79 0.227137483868498
0.8 0.121168867512817
0.81 0.569576059430314
0.82 0.293987647877047
0.83 0.123457088076931
0.84 0.779346826302488
0.85 0.483006171158887
0.86 0.922440561212621
0.87 0.352914654257114
0.88 1.00295658077188
0.89 1.26216351885525
0.9 1.75005325157858
0.91 0.746921028482407
0.92 1.06619366028603
0.93 0.938100556204541
0.94 1.32224099038485
0.95 2.49421334633345
0.96 2.41710901499376
0.97 2.56907190697992
0.98 2.95570908494556
0.99 4.0432173598299
