0.01 0.202059999998994
0.02 1.0836999999994
0.03 0.360953333332079
0.04 0.00784000000078604
0.05 0.397439999999205
0.06 0.175133333334047
0.07 0.0943514285713278
0.08 0.0741500000004992
0.09 0.068248888888989
0.1 0.0346400000001066
0.11 0.044261818182192
0.12 0.298586666666938
0.13 0.240730769230669
0.14 0.0231599999997615
0.15 0.1840466666666
0.16 0.300305000000255
0.17 0.0442717647050341
0.18 0.0184022222198483
0.19 0.37034000000637
0.2 0.0544799999824137
0.21 0.215476190430176
0.22 0.167090908975495
0.23 0.242214782331934
0.24 0.230320000642884
0.25 0.0764000014333861
0.26 0.178524618486847
0.27 0.11766148798779
0.28 0.0347885581679905
0.29 0.112842042605303
0.3 0.165006718007014
0.31 0.10853880712551
0.32 0.00200481898323816
0.33 0.0513893670944924
0.34 0.0832594098265024
0.35 0.0292067532971568
0.36 0.280535134964678
0.37 0.000175491542305905
0.38 0.177549351593852
0.39 0.170485939071121
0.4 0.186003879615187
0.41 0.267730675236339
0.42 0.068623176531776
0.43 0.034446158440203
0.44 0.0192179141125469
0.45 0.201896408536204
0.46 0.517005685118752
0.47 0.069675804394908
0.48 0.127516946747999
0.49 3.7706984194388E-05
0.5 0.11682252832194
0.51 0.252819597173411
0.52 0.178186646883486
0.53 0.199008210205951
0.54 0.0709995047975951
0.55 0.0794927348360958
0.56 0.186050410267841
0.57 0.00169799346055343
0.58 0.0829220909438254
0.59 0.1466815486231
0.6 0.154961854545521
0.61 0.123655746491984
0.62 0.0695759259545482
0.63 0.215079168257768
0.64 0.333371968702283
0.65 0.0371513742116871
0.66 0.193738493571873
0.67 0.0440605624286147
0.68 0.0901248410390612
0.69 0.152983621619243
0.7 0.0566112352184062
0.71 0.260576054535873
0.72 0.18428683761628
0.73 0.153400432503615
0.74 0.0256634671045888
0.75 0.367856843682027
0.76 0.122966016305549
0.77 0.100431739296704
0.78 0.0622548413419359
0.79 0.256826824854835
0.8 0.0264929524261283
0.81 0.369726003523219
0.82 0.359924313582412
0.83 0.0252729274552077
0.84 0.819841389759055
0.85 0.59196572094246
0.86 0.99916092493592
0.87 0.54600675714724
0.88 1.13393189129896
0.89 1.40505789912342
0.9 1.88217270231446
0.91 1.04673533185251
0.92 1.37890822829248
0.93 1.30540701668158
0.94 1.71201759358663
0.95 2.8000579960139
0.96 2.81248460774388
0.97 3.00527498702129
0.98 3.41815117050387
0.99 4.46722233224
