0.01 0
0.02 0.001573545218756
0.03 0.008534112052457
0.04 0.001051541404399
0.05 0.001557725353579
0.06 0.006916867234035
0.07 0.021867665699356
0.08 0.032819830879998
0.09 0.015211976123184
0.1 0.022339368782207
0.11 0.024875161389029
0.12 0.032703379685392
0.13 0.023525739361707
0.14 0.041239424534731
0.15 0.040689893697211
0.16 0.054650945225124
0.17 0.065642544072476
0.18 0.066406014455297
0.19 0.070812031082507
0.2 0.141045145238334
0.21 0.152749318340883
0.22 0.107261129913812
0.23 0.119247362187642
0.24 0.134762148137935
0.25 0.158127579923657
0.26 0.151836182158017
0.27 0.255172835470819
0.28 0.29663489731244
0.29 0.228019974251471
0.3 0.280333867096805
0.31 0.238070240703681
0.32 0.264085692629548
0.33 0.282569901870354
0.34 0.423769678992713
0.35 0.451418819878607
0.36 0.314370327207775
0.37 0.313488532961393
0.38 0.471827391885717
0.39 0.381456112890401
0.4 0.484019629040977
0.41 0.560086560341816
0.42 0.55026490402203
0.43 0.761328452849799
0.44 0.813258074998956
0.45 0.541573625772453
0.46 0.540619352362277
0.47 0.740927053764204
0.48 0.663004479840448
0.49 0.662768493035891
0.5 0.872242076865827
0.51 0.97244603511646
0.52 0.628723239991124
0.53 0.779129768782532
0.54 0.811753209931277
0.55 1.00012855158897
0.56 1.03106759572315
0.57 1.13588162942368
0.58 1.07494883374072
0.59 0.907140677453597
0.6 1.38965405312055
0.61 1.42395274233758
0.62 1.3534694677127
0.63 1.26021195781907
0.64 1.65697350678642
0.65 0.95238956131545
0.66 1.04307102642533
0.67 1.4168087121433
0.68 1.52702546518925
0.69 2.00873651477924
0.7 2.39939388441006
0.71 2.40682439541863
0.72 2.03126040362793
0.73 2.32690289985767
0.74 2.7460402821816
0.75 2.13585365392956
0.76 2.03854444494196
0.77 2.35892131273859
0.78 2.43171240137069
0.79 3.65650286368031
0.8 2.5813980571436
0.81 3.77727540416836
0.82 4.98522721319894
0.83 3.56063841197353
0.84 4.17954959479203
0.85 3.62359781421258
0.86 4.70861778468538
0.87 3.57440905857815
0.88 5.14691643210571
0.89 7.19533603966505
0.9 6.07538718057838
0.91 6.41604676916634
0.92 4.22155611987056
0.93 5.83289455056623
0.94 6.0054354799727
0.95 20.3052680083394
0.96 23.8360855595413
0.97 13.890314185104
0.98 7.32152533073508
0.99 12.6228535493823
