0.01 0.980619559159356
0.02 0.999201143471015
0.03 1.01101913009274
0.04 0.935734074482913
0.05 0.93992033978852
0.06 0.946499082004467
0.07 1.06367741819313
0.08 1.07372075414848
0.09 1.01165466077034
0.1 1.01896506573858
0.11 1.02594478250813
0.12 1.02730087245799
0.13 0.986481140050939
0.14 1.00987431774106
0.15 1.01207636958168
0.16 1.0452525744441
0.17 1.05528157638015
0.18 1.03007155908046
0.19 1.03277826549752
0.2 1.18750084827185
0.21 1.19835788227745
0.22 1.0676230255193
0.23 1.07544177393914
0.24 1.09508317946295
0.25 1.16524597317071
0.26 1.15026579754304
0.27 1.28861722359984
0.28 1.3385450757304
0.29 1.17699197997627
0.3 1.24311754409944
0.31 1.21724736157398
0.32 1.24256311244399
0.33 1.24760157374646
0.34 1.45182254897469
0.35 1.48472362395587
0.36 1.31062578198875
0.37 1.30364707243947
0.38 1.49333721177366
0.39 1.35887338723269
0.4 1.4870431070787
0.41 1.55507613299632
0.42 1.59109912532904
0.43 1.76824131942268
0.44 1.82111019294574
0.45 1.54846052749464
0.46 1.55185116561399
0.47 1.70656985809598
0.48 1.62257089247195
0.49 1.65468397342228
0.5 1.89498341661265
0.51 1.96283129171479
0.52 1.58514890675889
0.53 1.81861935443361
0.54 1.85159784452108
0.55 1.95364885558895
0.56 1.98294842535377
0.57 2.15872849020595
0.58 2.08597476937766
0.59 1.84234184564604
0.6 2.3965712417447
0.61 2.40984317129696
0.62 2.31824953186253
0.63 2.23951461122413
0.64 2.65217149659242
0.65 1.927523251637
0.66 2.01876987883714
0.67 2.38804209515457
0.68 2.4856995775179
0.69 3.00352816076989
0.7 3.40479719918848
0.71 3.42640788772211
0.72 3.03170620993736
0.73 3.34867384592144
0.74 3.7399370943402
0.75 3.10296372341687
0.76 3.03575494136269
0.77 3.35469689065434
0.78 3.42102787917463
0.79 4.67907684219112
0.8 3.56944662925556
0.81 4.76599235151339
0.82 5.94190381280976
0.83 4.49840311604107
0.84 5.14340409096211
0.85 4.61322059203034
0.86 5.70184286968744
0.87 4.52724683007222
0.88 6.11300960619657
0.89 8.21101416887715
0.9 7.05529290032063
0.91 7.37338650341956
0.92 5.16150426346883
0.93 6.83515920076653
0.94 6.97818530725553
0.95 21.2527460638953
0.96 24.8257984583482
0.97 14.9327932904149
0.98 8.2681553943503
0.99 13.5725920315602
