0.01 0
0.02 0.001
0.03 0.002
0.04 0.001
0.05 0.001
0.06 0.003
0.07 0.009
0.08 0.012
0.09 0.006
0.1 0.008
0.11 0.018
0.12 0.018
0.13 0.008
0.14 0.017
0.15 0.018
0.16 0.014
0.17 0.016
0.18 0.019
0.19 0.023
0.2 0.067
0.21 0.072
0.22 0.047
0.23 0.046
0.24 0.05
0.25 0.066
0.26 0.059
0.27 0.109
0.28 0.131
0.29 0.129
0.3 0.141
0.31 0.115
0.32 0.126
0.33 0.134
0.34 0.225
0.35 0.231
0.36 0.16
0.37 0.165
0.38 0.243
0.39 0.219
0.4 0.271
0.41 0.313
0.42 0.281
0.43 0.461
0.44 0.466
0.45 0.31
0.46 0.286
0.47 0.439
0.48 0.4
0.49 0.382
0.5 0.494
0.51 0.604
0.52 0.417
0.53 0.434
0.54 0.453
0.55 0.672
0.56 0.676
0.57 0.722
0.58 0.695
0.59 0.583
0.6 0.992
0.61 1.01
0.62 0.904
0.63 0.857
0.64 1.158
0.65 0.617
0.66 0.704
0.67 0.997
0.68 1.108
0.69 1.477
0.7 1.891
0.71 1.82
0.72 1.478
0.73 1.721
0.74 2.151
0.75 1.643
0.76 1.516
0.77 1.793
0.78 1.887
0.79 2.958
0.8 2.069
0.81 3.367
0.82 4.698
0.83 3.044
0.84 3.635
0.85 3.064
0.86 4.297
0.87 3.095
0.88 4.612
0.89 6.217
0.9 5.518
0.91 5.903
0.92 3.905
0.93 5.128
0.94 5.321
0.95 22.389
0.96 24.609
0.97 12.782
0.98 7.1
0.99 12.671
