0.01 0.013
0.02 0.023
0.03 0.037
0.04 0.04
0.05 0.049
0.06 0.061
0.07 0.099
0.08 0.111
0.09 0.083
0.1 0.098
0.11 0.119
0.12 0.129
0.13 0.11
0.14 0.13
0.15 0.142
0.16 0.176
0.17 0.191
0.18 0.193
0.19 0.2
0.2 0.295
0.21 0.306
0.22 0.254
0.23 0.262
0.24 0.276
0.25 0.294
0.26 0.287
0.27 0.406
0.28 0.446
0.29 0.418
0.3 0.448
0.31 0.392
0.32 0.41
0.33 0.423
0.34 0.579
0.35 0.596
0.36 0.519
0.37 0.525
0.38 0.638
0.39 0.586
0.4 0.674
0.41 0.714
0.42 0.714
0.43 0.918
0.44 0.924
0.45 0.733
0.46 0.72
0.47 0.888
0.48 0.849
0.49 0.853
0.5 0.998
0.51 1.125
0.52 0.915
0.53 0.985
0.54 1.008
0.55 1.234
0.56 1.243
0.57 1.284
0.58 1.247
0.59 1.139
0.6 1.622
0.61 1.65
0.62 1.519
0.63 1.468
0.64 1.794
0.65 1.21
0.66 1.32
0.67 1.638
0.68 1.768
0.69 2.177
0.7 2.585
0.71 2.544
0.72 2.166
0.73 2.473
0.74 2.894
0.75 2.356
0.76 2.232
0.77 2.555
0.78 2.651
0.79 3.775
0.8 2.849
0.81 4.16
0.82 5.546
0.83 3.821
0.84 4.441
0.85 3.877
0.86 5.151
0.87 3.938
0.88 5.49
0.89 7.147
0.9 6.402
0.91 6.779
0.92 4.772
0.93 6.057
0.94 6.215
0.95 23.364
0.96 25.544
0.97 13.741
0.98 8.024
0.99 13.618
