0.01 0.998323087971226
0.02 0.986220557164959
0.03 0.988891195925854
0.04 0.992105245260302
0.05 0.993171622420316
0.06 1.01329179687012
0.07 1.01498773384636
0.08 1.02049904073834
0.09 1.0184683114904
0.1 1.02938106838737
0.11 1.03449314647321
0.12 1.03996889767133
0.13 1.04646394752177
0.14 1.05947592342414
0.15 1.08677463738456
0.16 1.09293783954249
0.17 1.10288986867594
0.18 1.10879973212753
0.19 1.12267908547154
0.2 1.11630080879646
0.21 1.13113659456091
0.22 1.15122802411344
0.23 1.17076424412146
0.24 1.16880310174652
0.25 1.17880374732688
0.26 1.26089521994468
0.27 1.27879853718778
0.28 1.30535181945018
0.29 1.30814383234091
0.3 1.29700806681134
0.31 1.31259569100639
0.32 1.33664426954935
0.33 1.34078934305408
0.34 1.36684605808852
0.35 1.4073508779997
0.36 1.42412359031996
0.37 1.45224914478985
0.38 1.45160661951008
0.39 1.47217206395473
0.4 1.49926693151413
0.41 1.50516269332939
0.42 1.5690375642625
0.43 1.64534098444519
0.44 1.6497993050677
0.45 1.59809111035929
0.46 1.73066851768367
0.47 1.69781444798553
0.48 1.75063896998589
0.49 1.92282617831462
0.5 1.71346954046832
0.51 1.91458278840687
0.52 1.89774195289891
0.53 1.93887964852775
0.54 2.11461655459387
0.55 2.01025654412795
0.56 2.12952828721242
0.57 2.27159343813951
0.58 2.39474983810989
0.59 2.38392668320474
0.6 2.30200763138958
0.61 2.35937755319542
0.62 2.44750211644192
0.63 2.58073554373534
0.64 2.77991895079395
0.65 2.82404795684107
0.66 2.64512758589388
0.67 2.98948761791373
0.68 3.1497228618584
0.69 2.96005470520967
0.7 2.98250723635084
0.71 3.49448227105271
0.72 3.1717857773393
0.73 3.59385021746664
0.74 3.7879688264047
0.75 4.04249093122671
0.76 3.99993415050208
0.77 4.028471481889
0.78 4.18869142739752
0.79 4.21639859020852
0.8 4.22627353906559
0.81 4.58607121277471
0.82 4.66417605001122
0.83 5.15029056292973
0.84 5.22980051268674
0.85 6.44381508355557
0.86 6.12498511471087
0.87 6.79012250646546
0.88 6.68276588278647
0.89 7.2749787905102
0.9 7.28880375578239
0.91 7.64000923744888
0.92 7.87769499973517
0.93 7.71970578812629
0.94 8.54156713538774
0.95 8.46294346306988
0.96 9.39885415090044
0.97 9.5961739294375
0.98 9.78819649560692
0.99 10.9635802514491
