0.01 0.000200322632221
0.02 0.003194590649613
0.03 0.005434404876304
0.04 0.006939156369068
0.05 0.008985775101047
0.06 0.012792791276695
0.07 0.016280400686399
0.08 0.020200031957476
0.09 0.020814702619108
0.1 0.030568712958906
0.11 0.035978630179875
0.12 0.042176996226395
0.13 0.04811170534707
0.14 0.057037351084822
0.15 0.074986197810792
0.16 0.083205231114116
0.17 0.09253841942852
0.18 0.099146065316998
0.19 0.114623394799481
0.2 0.121291698015949
0.21 0.119250488137438
0.22 0.13805387458619
0.23 0.155872859758432
0.24 0.157783846253364
0.25 0.168514614393762
0.26 0.235797296356674
0.27 0.252328888903447
0.28 0.277064056756959
0.29 0.284525183137247
0.3 0.284773114404438
0.31 0.301615573977799
0.32 0.322902504026716
0.33 0.330806356704368
0.34 0.359357165248928
0.35 0.401268463819042
0.36 0.417408037635191
0.37 0.445439994738338
0.38 0.444635865639803
0.39 0.465539259716228
0.4 0.496699461357275
0.41 0.506209769775068
0.42 0.569008466493212
0.43 0.639600897423206
0.44 0.647980998995651
0.45 0.606808797067037
0.46 0.734433424759739
0.47 0.701235903015256
0.48 0.746595895050257
0.49 0.906672985519974
0.5 0.722458686469303
0.51 0.91984409668833
0.52 0.888360408842399
0.53 0.936525729296221
0.54 1.09521693625729
0.55 1.0230780866824
0.56 1.12000512657532
0.57 1.26482664541007
0.58 1.37300307972756
0.59 1.37947305565435
0.6 1.29887034015459
0.61 1.35267306238008
0.62 1.45187486718345
0.63 1.57860366268921
0.64 1.77194124272877
0.65 1.82060890036073
0.66 1.64075267690255
0.67 1.99578103748562
0.68 2.15455400283256
0.69 1.96813107524989
0.7 1.97893397671974
0.71 2.47737291897266
0.72 2.17634709504711
0.73 2.59086047527382
0.74 2.78207418934762
0.75 3.04268901245255
0.76 3.00555939105466
0.77 3.03531945661794
0.78 3.19177943319985
0.79 3.21589783096241
0.8 3.23558037047933
0.81 3.60256191062571
0.82 3.67932897432986
0.83 4.14906516809714
0.84 4.24376683689123
0.85 5.44217014400972
0.86 5.13046691677683
0.87 5.79090217255965
0.88 5.67803410965469
0.89 6.29079711606625
0.9 6.28664976401997
0.91 6.64148159273746
0.92 6.90581836927058
0.93 6.73265400560655
0.94 7.55569944604994
0.95 7.48683623764593
0.96 8.42084718185713
0.97 8.62820498605778
0.98 8.81673295644697
0.99 10.01026399645
