0.01 0.0105
0.02 0.0205
0.03 0.0302
0.04 0.0401
0.05 0.0515
0.06 0.0683
0.07 0.0791
0.08 0.0897
0.09 0.1013
0.1 0.1127
0.11 0.1248
0.12 0.1358
0.13 0.1457
0.14 0.1621
0.15 0.1855
0.16 0.2004
0.17 0.2159
0.18 0.2271
0.19 0.2455
0.2 0.2554
0.21 0.2579
0.22 0.2811
0.23 0.3017
0.24 0.3061
0.25 0.3222
0.26 0.382
0.27 0.4007
0.28 0.4242
0.29 0.4364
0.3 0.429
0.31 0.4487
0.32 0.4746
0.33 0.4849
0.34 0.5125
0.35 0.5698
0.36 0.5858
0.37 0.6131
0.38 0.616
0.39 0.6282
0.4 0.6495
0.41 0.6629
0.42 0.7271
0.43 0.7893
0.44 0.804
0.45 0.7879
0.46 0.8969
0.47 0.8864
0.48 0.9162
0.49 1.028
0.5 0.9125
0.51 1.0693
0.52 1.0547
0.53 1.1085
0.54 1.2388
0.55 1.1851
0.56 1.2709
0.57 1.4042
0.58 1.5068
0.59 1.5282
0.6 1.459
0.61 1.4832
0.62 1.6046
0.63 1.7352
0.64 1.9037
0.65 1.9326
0.66 1.7968
0.67 2.108
0.68 2.2688
0.69 2.1253
0.7 2.1103
0.71 2.6067
0.72 2.308
0.73 2.6767
0.74 2.9086
0.75 3.1157
0.76 3.1139
0.77 3.1951
0.78 3.2771
0.79 3.3473
0.8 3.4313
0.81 3.7523
0.82 3.8088
0.83 4.2203
0.84 4.3753
0.85 5.4215
0.86 5.1613
0.87 5.7592
0.88 5.723
0.89 6.3225
0.9 6.2834
0.91 6.5587
0.92 7.0927
0.93 6.6949
0.94 7.5684
0.95 7.5368
0.96 8.4175
0.97 8.5906
0.98 8.7613
0.99 10.0143
