0.01 0
0.02 0.0014
0.03 0.002
0.04 0.0023
0.05 0.0035
0.06 0.0048
0.07 0.006
0.08 0.0078
0.09 0.0087
0.1 0.0118
0.11 0.0144
0.12 0.0173
0.13 0.0192
0.14 0.0229
0.15 0.0301
0.16 0.033
0.17 0.0377
0.18 0.0418
0.19 0.0478
0.2 0.0542
0.21 0.0504
0.22 0.0616
0.23 0.0716
0.24 0.0727
0.25 0.077
0.26 0.1114
0.27 0.1197
0.28 0.1325
0.29 0.1379
0.3 0.1318
0.31 0.1422
0.32 0.1555
0.33 0.1595
0.34 0.176
0.35 0.2106
0.36 0.2169
0.37 0.2352
0.38 0.2313
0.39 0.2372
0.4 0.2531
0.41 0.2638
0.42 0.3048
0.43 0.352
0.44 0.361
0.45 0.3466
0.46 0.4356
0.47 0.416
0.48 0.4302
0.49 0.5284
0.5 0.4273
0.51 0.5569
0.52 0.529
0.53 0.5872
0.54 0.6808
0.55 0.6449
0.56 0.7122
0.57 0.8283
0.58 0.9135
0.59 0.9305
0.6 0.8662
0.61 0.8914
0.62 0.9855
0.63 1.0966
0.64 1.2515
0.65 1.2807
0.66 1.1399
0.67 1.4334
0.68 1.5772
0.69 1.4328
0.7 1.4212
0.71 1.8813
0.72 1.5928
0.73 1.9454
0.74 2.1587
0.75 2.3546
0.76 2.3591
0.77 2.4253
0.78 2.5005
0.79 2.559
0.8 2.6387
0.81 2.9645
0.82 3.0123
0.83 3.3992
0.84 3.5555
0.85 4.564
0.86 4.3078
0.87 4.8986
0.88 4.8499
0.89 5.4526
0.9 5.4024
0.91 5.6745
0.92 6.2106
0.93 5.808
0.94 6.6674
0.95 6.6444
0.96 7.5088
0.97 7.6837
0.98 7.8514
0.99 9.1057
