0.01 1.1445682006632
0.02 1.21297267069451
0.03 3.28972856601639
0.04 4.37084787332793
0.05 3.93834350176432
0.06 5.36185091029408
0.07 6.26278366878114
0.08 6.2770893078577
0.09 7.21068343071886
0.1 7.23868165873512
0.11 7.71666539545427
0.12 8.35286906219938
0.13 8.85849883046425
0.14 8.54788625002556
0.15 10.182653892784
0.16 10.3845666332273
0.17 9.98357080681166
0.18 10.5424587238553
0.19 10.8704311123528
0.2 11.2949005618321
0.21 10.3855733722452
0.22 10.350902056164
0.23 11.0735860134193
0.24 11.8143851279272
0.25 12.3343814687394
0.26 10.7978633105808
0.27 10.5276756064281
0.28 12.103263963948
0.29 11.2953260228274
0.3 11.9517252270624
0.31 12.148951590087
0.32 10.6711029754084
0.33 11.2785372843356
0.34 11.4561308266849
0.35 10.6066333891631
0.36 11.3807200920865
0.37 11.5485394069287
0.38 11.274868625789
0.39 10.0365728778235
0.4 9.7226022992026
0.41 9.77620993276276
0.42 9.26781751398602
0.43 9.44878743613693
0.44 10.5409884015648
0.45 9.06714776950758
0.46 8.48111931426747
0.47 9.53199984357202
0.48 9.5043279052501
0.49 7.10643025835264
0.5 9.48027895370587
0.51 7.83004925179378
0.52 7.97340665124224
0.53 7.56010756395613
0.54 7.90276565444885
0.55 6.66743869625299
0.56 7.09400733579945
0.57 6.02228647870049
0.58 7.67779587892984
0.59 6.80810543782166
0.6 5.800090827994
0.61 5.74249300479546
0.62 4.58237397857943
0.63 6.8292724644607
0.64 4.95587157419192
0.65 2.58883845025906
0.66 4.24668394379373
0.67 4.89260384903249
0.68 2.5370348223799
0.69 4.32405956162666
0.7 3.69788190921019
0.71 1.55609249329175
0.72 4.63111201682684
0.73 6.98642880872225
0.74 4.36030194464034
0.75 6.42955631840968
0.76 1.39218609537467
0.77 2.58969466835685
0.78 0.709117072412383
0.79 2.46831884941424
0.8 6.71224239037154
0.81 0.144757145827962
0.82 0.28999019816465
0.83 1.14713180681946
0.84 1.26864543074737
0.85 0.959904088061603
0.86 3.6357695832709
0.87 2.12750972734687
0.88 2.07599216778826
0.89 2.01124492153961
0.9 2.43325100769225
0.91 0.460931583646026
0.92 2.25486247927916
0.93 1.79417848912649
0.94 0.844318480003832
0.95 0.760035323429879
0.96 1.6196433203312
0.97 3.14482805920734
0.98 3.23440138396047
0.99 1.74607004333526
