0.01 97.5217757124709
0.02 94.0486025603256
0.03 91.0621892665719
0.04 91.4275840784537
0.05 86.0317802793286
0.06 85.157581825889
0.07 81.5175316928189
0.08 78.8552035932354
0.09 76.1645731620723
0.1 75.045339054433
0.11 70.5524888182892
0.12 67.4557883175288
0.13 68.1337424648831
0.14 63.2701863437619
0.15 63.9932541938607
0.16 61.2314992534105
0.17 60.1773224482955
0.18 58.4233564584405
0.19 54.8537275323144
0.2 54.8195441918708
0.21 50.5326120498956
0.22 47.2610847517763
0.23 48.8194873173561
0.24 49.0376655714766
0.25 48.457453449971
0.26 43.4070084827042
0.27 38.7417304459558
0.28 42.5077567656252
0.29 39.1536785821121
0.3 39.1056905552844
0.31 38.2170374993555
0.32 33.7235505876259
0.33 34.423385547381
0.34 33.442032430864
0.35 30.8614524275851
0.36 31.2662880877276
0.37 30.3578185999271
0.38 29.6672173424111
0.39 26.4435340719269
0.4 24.8181202584828
0.41 22.9859860847011
0.42 22.761119773505
0.43 22.8250374712389
0.44 23.5625640453453
0.45 20.1134610246928
0.46 19.2593372622797
0.47 19.461192865234
0.48 19.5024665963308
0.49 14.5112433869094
0.5 18.8096792273841
0.51 15.4246064470175
0.52 15.4700753189969
0.53 13.8838616985677
0.54 14.6020228863008
0.55 12.3843050251993
0.56 13.0292665725441
0.57 10.3185036021664
0.58 13.1048631096816
0.59 11.50745083034
0.6 9.71810651428012
0.61 9.58142521332728
0.62 7.65066522385463
0.63 10.9927226339853
0.64 8.0464665797427
0.65 4.29538587286583
0.66 6.6370478563676
0.67 7.28242375659705
0.68 3.69804619479876
0.69 6.20390539266086
0.7 5.23978867562332
0.71 2.33386466194804
0.72 6.26483444266206
0.73 9.30886821734308
0.74 5.85665608218126
0.75 8.35655521327002
0.76 1.81530266665224
0.77 3.27513173280452
0.78 0.904688002643016
0.79 3.06168324993105
0.8 8.07783830410383
0.81 0.079858322370545
0.82 0.524334508383967
0.83 1.46182695900502
0.84 1.27690369024942
0.85 1.33854890626815
0.86 4.00615811049078
0.87 2.24594633888642
0.88 2.69269358543123
0.89 2.60253050332864
0.9 3.10416783820605
0.91 0.0810569013155869
0.92 2.92126713465319
0.93 1.44116221561663
0.94 1.46522099200847
0.95 1.48664704768158
0.96 1.06314553370767
0.97 2.54710948548915
0.98 2.6443929290822
0.99 0.9530353082781
