0.01 4.94000000000105
0.02 4.25399999999943
0.03 1.65600000000129
0.04 1.14400000000079
0.05 1.87800000000081
0.06 1.92666666666736
0.07 0.71585714285703
0.08 1.6485000000005
0.09 0.243777777777874
0.1 0.0170000000001114
0.11 0.7318181818178
0.12 0.452000000000266
0.13 0.39799999999989
0.14 1.58442857142832
0.15 0.90699999999993
0.16 0.633249999999752
0.17 0.800352941175634
0.18 1.51344444444211
0.19 0.486894736848485
0.2 1.6479999999827
0.21 1.54133333338016
0.22 1.96018181829969
0.23 0.499260869289183
0.24 2.10249999937208
0.25 1.92999999859534
0.26 0.410230766146763
0.27 2.36762963628215
0.28 1.64799998695341
0.29 0.653862042748088
0.3 1.58699994955766
0.31 0.795806355045133
0.32 0.680375182252002
0.33 0.92730270331873
0.34 1.07764647452353
0.35 0.132141819807356
0.36 0.533331546323841
0.37 0.849915885814231
0.38 1.84583706803492
0.39 0.361965900998917
0.4 0.950013985459978
0.41 1.02385181963342
0.42 0.239226094295139
0.43 0.0602419868152595
0.44 1.23882318023607
0.45 0.24802313697391
0.46 0.673814136238772
0.47 0.56499052110821
0.48 0.830126847576445
0.49 2.28275867539095
0.5 1.59501461330496
0.51 0.556191807731528
0.52 0.0821080665698697
0.53 0.36310523944913
0.54 0.757553429278698
0.55 0.833113505515445
0.56 0.337814119839594
0.57 0.521756942718343
0.58 1.47359594299993
0.59 0.516487441443145
0.6 0.608899412284239
0.61 0.544992985600285
0.62 0.533418533932504
0.63 1.830189661198
0.64 0.708964310349362
0.65 2.64044130468667
0.66 0.151886192248169
0.67 0.764054694188544
0.68 1.9948487133817
0.69 0.758288064093346
0.7 0.132782929099637
0.71 1.578875311558
0.72 1.61648053505535
0.73 4.30080289692626
0.74 2.16166339466088
0.75 4.73821853125113
0.76 0.640054043860087
0.77 1.10636508646828
0.78 0.2792866614302
0.79 1.34678583492299
0.8 5.75780586899004
0.81 0.450061506046128
0.82 1.22985887176559
0.83 1.01423740506714
0.84 0.995346744660111
0.85 0.445366585056547
0.86 4.60177775736323
0.87 3.13001945104173
0.88 1.04173708551529
0.89 0.0952082207189306
0.9 0.242559075637062
0.91 2.58962959252118
0.92 0.589995561269906
0.93 4.42097089711032
0.94 1.73782874855254
0.95 2.39394470048325
0.96 5.16711257813054
0.97 6.51827658165502
0.98 7.06208741739102
0.99 5.874331494116
