0.01 8.9000000001089
0.02 6.89999999997207
0.03 4.54444444448859
0.04 14.800000000017
0.05 0.700000000016117
0.06 10.7000000000104
0.07 2.30000000000146
0.08 0.0500000000062591
0.09 1.92222222222332
0.1 6.75999999999908
0.11 4.88760330578149
0.12 0.0222222222200071
0.13 1.31420118343277
0.14 4.95510204081451
0.15 2.23111111111067
0.16 1.68593750000159
0.17 3.616608996535
0.18 1.95432098764138
0.19 2.046537396156
0.2 2.67999999991436
0.21 1.30272108865783
0.22 4.15578512451424
0.23 1.77769376062995
0.24 5.60694444192047
0.25 4.22799999451302
0.26 1.52307691134788
0.27 6.27558301597739
0.28 2.81836730089828
0.29 1.30071334656893
0.3 3.28333316809043
0.31 1.25317346724249
0.32 1.8074224509131
0.33 1.45032041014535
0.34 2.39307788909747
0.35 0.542037864675453
0.36 0.301229592402843
0.37 1.47333005703064
0.38 3.29458527774146
0.39 0.162108446897478
0.4 1.67753521562414
0.41 2.98506499432875
0.42 0.507114510109779
0.43 0.581266089167163
0.44 1.78286367528163
0.45 1.33338797877882
0.46 0.941657628048245
0.47 1.27409040824559
0.48 1.33221352510277
0.49 3.97262556096374
0.5 2.87405484216627
0.51 0.629021005626152
0.52 0.00878473191308378
0.53 0.373890884566873
0.54 1.26882958450164
0.55 1.24107779239964
0.56 1.13231417949902
0.57 1.4515672045282
0.58 2.42359049314331
0.59 1.01104056984038
0.6 0.488103855106571
0.61 0.706979045038978
0.62 0.991256670133062
0.63 2.60208126804768
0.64 1.14535605646519
0.65 3.54217218692248
0.66 0.183382461278187
0.67 1.09299228458509
0.68 2.95236368545576
0.69 0.890705387038953
0.7 0.360920979729547
0.71 2.03636021640832
0.72 2.13110130366957
0.73 5.46953050166155
0.74 2.79240486384041
0.75 5.90310052671588
0.76 1.03161267248098
0.77 1.23721413088706
0.78 0.620606005081115
0.79 1.5434327896349
0.8 6.82029155434107
0.81 0.716279938011483
0.82 1.61647826422223
0.83 1.37730413691571
0.84 1.029860744832
0.85 0.778817440214956
0.86 5.12994257534557
0.87 3.35829817739931
0.88 1.45796098031372
0.89 0.450907030335221
0.9 0.680666366445676
0.91 2.5092362160896
0.92 0.209489799066097
0.93 4.47360766857056
0.94 1.39410697994048
0.95 2.03254929242015
0.96 5.07432743380776
0.97 6.48869951525392
0.98 7.03055256860971
0.99 5.59575266600826
