0.01 1.00248168054214
0.02 1.00112132519987
0.03 1.00344476568298
0.04 1.00439624600359
0.05 1.00690752070598
0.06 1.01043823212219
0.07 1.0143936889862
0.08 1.01769987915615
0.09 1.02380961250705
0.1 1.0299194107695
0.11 1.033910421783
0.12 1.04148327833319
0.13 1.04881331229504
0.14 1.05773320408212
0.15 1.0651542859802
0.16 1.07301561249596
0.17 1.08332635496527
0.18 1.09485547803463
0.19 1.10580081592828
0.2 1.11437342313194
0.21 1.12751653280229
0.22 1.14038265974181
0.23 1.15332362124152
0.24 1.16676793778245
0.25 1.18388395059479
0.26 1.19856882004788
0.27 1.21297102751704
0.28 1.23376040887593
0.29 1.25341659408999
0.3 1.26818042083498
0.31 1.28215596105792
0.32 1.30806310028727
0.33 1.32659160327676
0.34 1.35158052812355
0.35 1.37003734770156
0.36 1.39051681281773
0.37 1.40987285179288
0.38 1.44163452170304
0.39 1.47133472572484
0.4 1.50035178551398
0.41 1.5211745878504
0.42 1.55282310834849
0.43 1.58555068849246
0.44 1.61615123809048
0.45 1.64863932428096
0.46 1.69249522811526
0.47 1.70990357320011
0.48 1.7497768330953
0.49 1.78263633333581
0.5 1.83294255026215
0.51 1.88996680736571
0.52 1.92378602149833
0.53 1.96530402965216
0.54 2.01462414899265
0.55 2.06060856938836
0.56 2.10699263400296
0.57 2.1635375588316
0.58 2.21952206121229
0.59 2.28220902749695
0.6 2.35292525193655
0.61 2.41175326585356
0.62 2.4779120623487
0.63 2.5527881678744
0.64 2.62739346379184
0.65 2.72492770709319
0.66 2.82673115011551
0.67 2.90267754134089
0.68 3.01989851717472
0.69 3.13836362692882
0.7 3.21922345726843
0.71 3.31283892252012
0.72 3.41312817505764
0.73 3.55686682322138
0.74 3.76832877255851
0.75 3.91427768096103
0.76 4.04116881303205
0.77 4.28025967610917
0.78 4.4156728697922
0.79 4.65327415106688
0.8 4.93921179351706
0.81 5.20843934002447
0.82 5.39890629841289
0.83 5.89020358165696
0.84 6.15327717501101
0.85 6.64006160692314
0.86 7.14409612329071
0.87 7.83178203765505
0.88 7.90688656840237
0.89 8.91372417626944
0.9 9.80108646513827
0.91 11.3229828244775
0.92 12.6941584634959
0.93 14.3842789131032
0.94 16.6606045430567
0.95 20.0766599968164
0.96 25.0796905733976
0.97 34.3147359910134
0.98 58.6725443407825
0.99 82.3360067006946
