0.01 0.000271776698061
0.02 0.001170160078038
0.03 0.002648766456808
0.04 0.004641016895827
0.05 0.007618967905291
0.06 0.010780314760041
0.07 0.014543647574625
0.08 0.018640574948055
0.09 0.023766381629927
0.1 0.029672887553854
0.11 0.034708172078287
0.12 0.0419853775195
0.13 0.049431569888099
0.14 0.05770365238238
0.15 0.065479176871598
0.16 0.073836462306802
0.17 0.084470820514232
0.18 0.095029547618913
0.19 0.105058893636498
0.2 0.115859674163391
0.21 0.128386918831434
0.22 0.141278198434293
0.23 0.153110266198938
0.24 0.167837385393929
0.25 0.183230463223212
0.26 0.199112852447888
0.27 0.214335905411335
0.28 0.232685953203386
0.29 0.252087023220842
0.3 0.269245091789176
0.31 0.284037637861262
0.32 0.307369231758997
0.33 0.326377263251759
0.34 0.34947917081703
0.35 0.369025684711175
0.36 0.390235551932766
0.37 0.411332710747277
0.38 0.442472876777336
0.39 0.471522334949304
0.4 0.501150019504372
0.41 0.520566116382304
0.42 0.55302410112717
0.43 0.584915571255192
0.44 0.616144826743842
0.45 0.64803560028272
0.46 0.690351197572271
0.47 0.709433016567958
0.48 0.75085971586608
0.49 0.783395373292913
0.5 0.832925081206597
0.51 0.888102302483818
0.52 0.923624697921268
0.53 0.964717049282168
0.54 1.01410522489909
0.55 1.06031599711675
0.56 1.10729436065394
0.57 1.16282388505042
0.58 1.21888282292467
0.59 1.28164689544483
0.6 1.35185151238298
0.61 1.41149229242597
0.62 1.47715844055424
0.63 1.55139407128188
0.64 1.62769844782043
0.65 1.72386072264384
0.66 1.82413412445417
0.67 1.90114940781774
0.68 2.01842906905233
0.69 2.13787769663048
0.7 2.21879981737845
0.71 2.31440660141011
0.72 2.414858011835
0.73 2.55785018706452
0.74 2.76913677690483
0.75 2.91437594586368
0.76 3.04295800696123
0.77 3.27964669539898
0.78 3.41546030059176
0.79 3.65372587761281
0.8 3.94011151773625
0.81 4.2087237822879
0.82 4.39967569529192
0.83 4.88967249703229
0.84 5.15388080808681
0.85 5.64064844598335
0.86 6.14242327986838
0.87 6.83127978710284
0.88 6.90855003529763
0.89 7.91344255015861
0.9 8.80180588278234
0.91 10.320992216105
0.92 11.693696329169
0.93 13.3845862392825
0.94 15.6615306515183
0.95 19.0758419920686
0.96 24.0793387654775
0.97 33.3147772087663
0.98 57.671490809361
0.99 81.3356910385336
