0.01 0.010121
0.02 0.020329
0.03 0.031096
0.04 0.041735
0.05 0.052789
0.06 0.063852
0.07 0.075145
0.08 0.087221
0.09 0.099019
0.1 0.111312
0.11 0.12299
0.12 0.135957
0.13 0.149584
0.14 0.162479
0.15 0.176088
0.16 0.189575
0.17 0.204763
0.18 0.219758
0.19 0.234603
0.2 0.249377
0.21 0.265103
0.22 0.281744
0.23 0.297415
0.24 0.315077
0.25 0.333954
0.26 0.350989
0.27 0.36933
0.28 0.388889
0.29 0.411424
0.3 0.430952
0.31 0.448182
0.32 0.471851
0.33 0.493551
0.34 0.51624
0.35 0.538235
0.36 0.560277
0.37 0.582059
0.38 0.613535
0.39 0.641149
0.4 0.671673
0.41 0.692096
0.42 0.723697
0.43 0.756144
0.44 0.78726
0.45 0.818387
0.46 0.85809
0.47 0.881342
0.48 0.921442
0.49 0.95709
0.5 0.999555
0.51 1.051704
0.52 1.08866
0.53 1.129065
0.54 1.176176
0.55 1.219978
0.56 1.266168
0.57 1.319208
0.58 1.37582
0.59 1.433457
0.6 1.501248
0.61 1.562714
0.62 1.623441
0.63 1.69151
0.64 1.770022
0.65 1.862765
0.66 1.955867
0.67 2.031526
0.68 2.142255
0.69 2.254045
0.7 2.336672
0.71 2.435065
0.72 2.542317
0.73 2.678261
0.74 2.877473
0.75 3.013912
0.76 3.15202
0.77 3.380705
0.78 3.511339
0.79 3.749338
0.8 4.032704
0.81 4.29896
0.82 4.486565
0.83 4.958683
0.84 5.237535
0.85 5.70521
0.86 6.200819
0.87 6.885264
0.88 6.987553
0.89 7.961418
0.9 8.878898
0.91 10.33248
0.92 11.719204
0.93 13.436204
0.94 15.667601
0.95 19.081805
0.96 24.070846
0.97 33.311412
0.98 57.549515
0.99 81.392619
