0.01 9.8E-05
0.02 0.000398
0.03 0.000923
0.04 0.001637
0.05 0.002686
0.06 0.003908
0.07 0.005291
0.08 0.006951
0.09 0.008991
0.1 0.011251
0.11 0.013362
0.12 0.016371
0.13 0.01945
0.14 0.022762
0.15 0.026503
0.16 0.030022
0.17 0.035019
0.18 0.039761
0.19 0.044513
0.2 0.049764
0.21 0.055624
0.22 0.062199
0.23 0.067665
0.24 0.075448
0.25 0.083693
0.26 0.091112
0.27 0.099576
0.28 0.109209
0.29 0.119776
0.3 0.130233
0.31 0.138673
0.32 0.151354
0.33 0.163381
0.34 0.175996
0.35 0.188102
0.36 0.200975
0.37 0.214265
0.38 0.234009
0.39 0.251101
0.4 0.270276
0.41 0.28332
0.42 0.304059
0.43 0.325427
0.44 0.347886
0.45 0.368057
0.46 0.396673
0.47 0.412048
0.48 0.441939
0.49 0.466785
0.5 0.500355
0.51 0.539994
0.52 0.56752
0.53 0.597753
0.54 0.635386
0.55 0.669943
0.56 0.707014
0.57 0.749792
0.58 0.795971
0.59 0.844552
0.6 0.900383
0.61 0.952436
0.62 1.003869
0.63 1.062494
0.64 1.130465
0.65 1.211123
0.66 1.29419
0.67 1.36065
0.68 1.461115
0.69 1.562609
0.7 1.63728
0.71 1.72657
0.72 1.823877
0.73 1.948657
0.74 2.13664
0.75 2.265042
0.76 2.39254
0.77 2.608386
0.78 2.732491
0.79 2.959889
0.8 3.232178
0.81 3.488943
0.82 3.667156
0.83 4.127205
0.84 4.396756
0.85 4.854504
0.86 5.338459
0.87 6.012844
0.88 6.110031
0.89 7.073063
0.9 7.979316
0.91 9.421257
0.92 10.799251
0.93 12.505911
0.94 14.729189
0.95 18.13154
0.96 23.111217
0.97 32.340602
0.98 56.568065
0.99 80.404343
