0.01 1.01010101010101
0.02 1.02040816326531
0.03 1.03092783505154
0.04 1.04166666666656
0.05 1.05263157894639
0.06 1.063829787228
0.07 1.07526881717605
0.08 1.08695652163176
0.09 1.09890109855242
0.1 1.11111111011111
0.11 1.12359550302424
0.12 1.1363636301719
0.13 1.14942527357047
0.14 1.16279066874895
0.15 1.17647053057025
0.16 1.19047608052503
0.17 1.20481907550904
0.18 1.21951183807522
0.19 1.2345672881279
0.2 1.2499989759999
0.21 1.26582111682175
0.22 1.2820486260583
0.23 1.29869715604846
0.24 1.31578313334209
0.25 1.33332379658107
0.26 1.35133723462186
0.27 1.36984242454303
0.28 1.38885926912449
0.29 1.40840863332503
0.3 1.42851237922275
0.31 1.44919339881835
0.32 1.47047564403577
0.33 1.49238415318854
0.34 1.51494507311437
0.35 1.53818567611639
0.36 1.56213437078801
0.37 1.58682070574075
0.38 1.61227536520323
0.39 1.63853015541496
0.4 1.66561798070397
0.41 1.6935728081143
0.42 1.72242961943931
0.43 1.75222434952383
0.44 1.78299380972277
0.45 1.81477559544995
0.46 1.84760797682006
0.47 1.88152977148189
0.48 1.91658019886384
0.49 1.95279871520569
0.5 1.99022482893451
0.51 2.02889789615946
0.52 2.06885689630955
0.53 2.1101401882201
0.54 2.15278524728679
0.55 2.19682838464826
0.56 2.24230444972556
0.57 2.28924651783561
0.58 2.33768556499912
0.59 2.3876501324755
0.6 2.43916598396798
0.61 2.49225575884371
0.62 2.54693862509347
0.63 2.60322993610412
0.64 2.6611408956204
0.65 2.72067823552004
0.66 2.78184391120505
0.67 2.8446348195105
0.68 2.90904254404093
0.69 2.97505313275462
0.7 3.04264691242051
0.71 3.11179834426921
0.72 3.18247592474613
0.73 3.25464213475494
0.74 3.32825344015922
0.75 3.40326034559947
0.76 3.47960750289429
0.77 3.55723387444612
0.78 3.63607295118183
0.79 3.71605302364908
0.8 3.79709750398329
0.81 3.87912529558156
0.82 3.96205120649186
0.83 4.04578640177135
0.84 4.13023888940717
0.85 4.21531403384328
0.86 4.30091509073361
0.87 4.38694375625352
0.88 4.47330072415504
0.89 4.55988624374789
0.9 4.64660067212371
0.91 4.73334501420924
0.92 4.82002144462269
0.93 4.90653380580281
0.94 4.99278807746459
0.95 5.07869281309023
0.96 5.16415953986969
0.97 5.24910311924042
0.98 5.33344206592307
0.99 5.41709882408771
