0.01 0.000302085594513
0.02 0.001203479427507
0.03 0.002682033361977
0.04 0.004753689398224
0.05 0.007400363014649
0.06 0.010603621407016
0.07 0.014504321620121
0.08 0.018870407741659
0.09 0.023791614705287
0.1 0.029340424866425
0.11 0.035507179045756
0.12 0.042057135544765
0.13 0.049468590008354
0.14 0.057384018172892
0.15 0.065692163728758
0.16 0.074608030736954
0.17 0.083627410115165
0.18 0.09446560025126
0.19 0.105860908649737
0.2 0.116903340461075
0.21 0.129456177096194
0.22 0.14140747840079
0.23 0.154461344935956
0.24 0.168313396861145
0.25 0.183766395336443
0.26 0.198055040745126
0.27 0.215135045361754
0.28 0.23047428547644
0.29 0.24788429746577
0.3 0.267870466707422
0.31 0.285840079351389
0.32 0.305843978350972
0.33 0.326314835008395
0.34 0.347765505836463
0.35 0.370038928519331
0.36 0.393077131523301
0.37 0.41936137875012
0.38 0.441419662766874
0.39 0.467796735120968
0.4 0.493369064890349
0.41 0.522475927247636
0.42 0.552468760278542
0.43 0.583420156557078
0.44 0.613204874416947
0.45 0.646321133999627
0.46 0.682729135015609
0.47 0.717977822741009
0.48 0.753736162782501
0.49 0.792119538702017
0.5 0.83594432935051
0.51 0.877316231025573
0.52 0.91783787202942
0.53 0.964454384853844
0.54 1.0115852238154
0.55 1.06064908212856
0.56 1.11071132195941
0.57 1.16695406544725
0.58 1.22389878259768
0.59 1.28544942094476
0.6 1.35308596810289
0.61 1.41599749255457
0.62 1.4803808221405
0.63 1.56212472701159
0.64 1.63551599166047
0.65 1.71838076628342
0.66 1.80104343746989
0.67 1.89254310306756
0.68 1.98246865239891
0.69 2.09347220728817
0.7 2.19413298551474
0.71 2.3037055625817
0.72 2.43503805520191
0.73 2.56107741494403
0.74 2.6970245084446
0.75 2.83563539520423
0.76 2.99689794324024
0.77 3.15101661743642
0.78 3.31366376616204
0.79 3.5186815105288
0.8 3.6988733369737
0.81 3.90275865801814
0.82 4.13820955480872
0.83 4.35710164462235
0.84 4.58973293796252
0.85 4.86331692878725
0.86 5.08100184410006
0.87 5.38654157746317
0.88 5.6853180962186
0.89 5.97932278813566
0.9 6.29306756323302
0.91 6.61255739718987
0.92 6.88907018865969
0.93 7.27014405042209
0.94 7.53861947002611
0.95 7.90385504353285
0.96 8.2440679278055
0.97 8.56108935887368
0.98 8.94247274631965
0.99 9.24551750255925
