0.01 1.00039079372115
0.02 1.00101452475973
0.03 1.00259620708416
0.04 1.00485361960968
0.05 1.00739555862059
0.06 1.01021194028673
0.07 1.01411074637899
0.08 1.01879348915006
0.09 1.02389784612022
0.1 1.02948682781012
0.11 1.03582353878474
0.12 1.04176513583538
0.13 1.04907913536229
0.14 1.05770564996956
0.15 1.06555182017424
0.16 1.07437758110409
0.17 1.08339126114623
0.18 1.0943304066199
0.19 1.10662946655265
0.2 1.11760772400495
0.21 1.13005172530249
0.22 1.14118186325389
0.23 1.15450657043233
0.24 1.16777777958588
0.25 1.18373172190077
0.26 1.19775238683726
0.27 1.21546535307265
0.28 1.23054436860174
0.29 1.24789752679973
0.3 1.26790361115093
0.31 1.28558496951401
0.32 1.30578096501889
0.33 1.32612956858795
0.34 1.34766623581959
0.35 1.37011388598054
0.36 1.39315076287824
0.37 1.4195516850471
0.38 1.44183657143476
0.39 1.46790753380967
0.4 1.4932169904947
0.41 1.52224910720153
0.42 1.55297768665779
0.43 1.58352685875645
0.44 1.61295604060428
0.45 1.64635824443484
0.46 1.6823048789417
0.47 1.71776118970592
0.48 1.75363207886185
0.49 1.79191884966106
0.5 1.83611336941209
0.51 1.87740679493187
0.52 1.91763266152566
0.53 1.96430987323686
0.54 2.01130100277944
0.55 2.06018279757772
0.56 2.11035323670236
0.57 2.1669917311944
0.58 2.22346663850898
0.59 2.28537773802087
0.6 2.35332821404595
0.61 2.41622410297894
0.62 2.48010569999982
0.63 2.56255238189735
0.64 2.63553145920793
0.65 2.71818065742765
0.66 2.80077680126666
0.67 2.8920189407629
0.68 2.98271073705864
0.69 3.09332129437541
0.7 3.19384555208083
0.71 3.30283225153659
0.72 3.4343858387404
0.73 3.56041699597193
0.74 3.69663832117303
0.75 3.8350710470803
0.76 3.99674785555088
0.77 4.14996112251174
0.78 4.31220423375723
0.79 4.51742273327742
0.8 4.69665136269746
0.81 4.90028092068181
0.82 5.13593944539266
0.83 5.35337777703355
0.84 5.58498233161629
0.85 5.85876583957329
0.86 6.0742977185733
0.87 6.3790141754174
0.88 6.67696256027645
0.89 6.96921249722651
0.9 7.2810353786955
0.91 7.59828154026341
0.92 7.87179170235192
0.93 8.25107398221476
0.94 8.51618339960749
0.95 8.87870727628323
0.96 9.21553063975173
0.97 9.52793990400718
0.98 9.906183334936
0.99 10.2049800543378
