0.01 0.0001017
0.02 0.000411
0.03 0.0009235
0.04 0.0016682
0.05 0.0026383
0.06 0.0038376
0.07 0.0053029
0.08 0.0069527
0.09 0.0088523
0.1 0.0111458
0.11 0.0136304
0.12 0.0162972
0.13 0.0194185
0.14 0.0229075
0.15 0.026559
0.16 0.0304787
0.17 0.0345891
0.18 0.039581
0.19 0.0448392
0.2 0.0500243
0.21 0.0560516
0.22 0.0620376
0.23 0.0685751
0.24 0.0757008
0.25 0.0835179
0.26 0.0909842
0.27 0.1000688
0.28 0.1082779
0.29 0.117866
0.3 0.1290415
0.31 0.1393696
0.32 0.1507602
0.33 0.1623702
0.34 0.175131
0.35 0.1882047
0.36 0.202532
0.37 0.2187454
0.38 0.2325049
0.39 0.2488546
0.4 0.2654023
0.41 0.284743
0.42 0.303978
0.43 0.3244169
0.44 0.3450257
0.45 0.3671699
0.46 0.3928037
0.47 0.4173745
0.48 0.442774
0.49 0.4702852
0.5 0.5017378
0.51 0.532109
0.52 0.5624817
0.53 0.5973094
0.54 0.6333896
0.55 0.671015
0.56 0.7099197
0.57 0.7535381
0.58 0.7989944
0.59 0.8476267
0.6 0.9027868
0.61 0.9531368
0.62 1.0077232
0.63 1.0734256
0.64 1.1354259
0.65 1.2069023
0.66 1.2761837
0.67 1.3562572
0.68 1.4327025
0.69 1.5288678
0.7 1.6193477
0.71 1.7176031
0.72 1.833046
0.73 1.946546
0.74 2.0698406
0.75 2.1922895
0.76 2.3405579
0.77 2.4830757
0.78 2.6346871
0.79 2.8210835
0.8 2.9951562
0.81 3.1854472
0.82 3.4047858
0.83 3.6132006
0.84 3.8346434
0.85 4.0922415
0.86 4.3026671
0.87 4.5929021
0.88 4.881942
0.89 5.1650501
0.9 5.4663764
0.91 5.7760916
0.92 6.0508759
0.93 6.417493
0.94 6.6877571
0.95 7.0369825
0.96 7.3733908
0.97 7.6909368
0.98 8.0563527
0.99 8.3596199
