0.01 0.0100805
0.02 0.0203765
0.03 0.0308594
0.04 0.0417561
0.05 0.0525229
0.06 0.0638558
0.07 0.0752385
0.08 0.0870657
0.09 0.0988172
0.1 0.1113087
0.11 0.1236953
0.12 0.1362717
0.13 0.1495976
0.14 0.1631085
0.15 0.1765127
0.16 0.1905193
0.17 0.2040846
0.18 0.2195652
0.19 0.2351909
0.2 0.2500112
0.21 0.2663892
0.22 0.2821379
0.23 0.2985434
0.24 0.3155482
0.25 0.3338452
0.26 0.3508121
0.27 0.3702777
0.28 0.3881496
0.29 0.4076944
0.3 0.4295212
0.31 0.4495505
0.32 0.4708319
0.33 0.4923935
0.34 0.5150641
0.35 0.5380159
0.36 0.5624412
0.37 0.5891523
0.38 0.6126577
0.39 0.6387889
0.4 0.6649678
0.41 0.6947606
0.42 0.7241387
0.43 0.7545005
0.44 0.7847781
0.45 0.8170496
0.46 0.8531425
0.47 0.8875685
0.48 0.9224799
0.49 0.959908
0.5 1.0019767
0.51 1.0421707
0.52 1.0822321
0.53 1.1272436
0.54 1.1734419
0.55 1.2208938
0.56 1.2698272
0.57 1.3234081
0.58 1.3783323
0.59 1.4375171
0.6 1.5032284
0.61 1.5630147
0.62 1.6276611
0.63 1.7034368
0.64 1.7753279
0.65 1.8568249
0.66 1.9359846
0.67 2.0258608
0.68 2.1125684
0.69 2.2184715
0.7 2.3191458
0.71 2.4267377
0.72 2.552695
0.73 2.6758933
0.74 2.8095827
0.75 2.9411433
0.76 3.0993782
0.77 3.2511813
0.78 3.4119739
0.79 3.6085453
0.8 3.791977
0.81 3.9909509
0.82 4.2204099
0.83 4.4366325
0.84 4.6667067
0.85 4.933412
0.86 5.150337
0.87 5.4487917
0.88 5.7459021
0.89 6.0357878
0.9 6.3433697
0.91 6.6590274
0.92 6.938217
0.93 7.3105858
0.94 7.5845237
0.95 7.9378476
0.96 8.2771737
0.97 8.5964476
0.98 8.9641864
0.99 9.2688926
