0.01 0.963195815634517
0.02 1.87187894847572
0.03 2.73856533233926
0.04 3.5543053917519
0.05 4.29152879889467
0.06 5.04214133013341
0.07 5.71359178869306
0.08 6.20440264607219
0.09 6.78985710379756
0.1 7.37206559848177
0.11 7.82027003196967
0.12 8.2657965114746
0.13 8.73629326676949
0.14 9.07929865866635
0.15 9.39303525755046
0.16 9.73800776834919
0.17 10.0792907585729
0.18 10.2955345596199
0.19 10.5380583145689
0.2 10.6501289947139
0.21 10.7892218640603
0.22 11.0387793974818
0.23 11.1509038121945
0.24 11.185435158314
0.25 11.2950058751888
0.26 11.2798639316736
0.27 11.3376728528201
0.28 11.3240609738836
0.29 11.3440791859622
0.3 11.2207636555713
0.31 11.3120108844321
0.32 11.242667815867
0.33 11.1278102407653
0.34 10.8891673497402
0.35 10.9343525098121
0.36 10.8745337369743
0.37 10.6189411734958
0.38 10.7292583002207
0.39 10.3495511388594
0.4 10.2437140011425
0.41 10.1604946884797
0.42 9.89856460639456
0.43 9.66676479701848
0.44 9.51879502163964
0.45 9.30891343841887
0.46 9.17397149565323
0.47 8.87286756720577
0.48 8.60656611047951
0.49 8.42281599550903
0.5 8.14405266439367
0.51 7.96700815446128
0.52 7.48290932117532
0.53 7.32012062795149
0.54 7.20321464270967
0.55 6.89278507465148
0.56 6.64324106942903
0.57 6.30708137573887
0.58 5.88543408554835
0.59 5.72974847967612
0.6 5.29486649794539
0.61 5.20808013307681
0.62 4.88434068125185
0.63 4.6289202038049
0.64 4.37376514744975
0.65 4.07555300401355
0.66 3.71087463725807
0.67 3.26994400012732
0.68 2.94349162005436
0.69 2.53474195381127
0.7 2.4131056798472
0.71 2.16953747302596
0.72 2.03884270652237
0.73 1.59219555453066
0.74 1.34780011024071
0.75 1.14771236813818
0.76 0.834927589445871
0.77 0.469710159308025
0.78 0.608529713666781
0.79 0.172959111548836
0.8 0.0902558789590442
0.81 0.0750008487408151
0.82 0.137962504290195
0.83 0.410149213670546
0.84 0.589125557559762
0.85 0.878570579659004
0.86 0.747340324515997
0.87 1.01952396964016
0.88 0.848105462082781
0.89 0.953529994897977
0.9 0.922047876559758
0.91 0.887551982351211
0.92 0.841813672579842
0.93 0.682105239551892
0.94 0.557416933830184
0.95 0.340729237015156
0.96 0.229254105952289
0.97 0.0898559539868752
0.98 0.223253057760182
0.99 0.421369525789808
