0.01 97.1244902816803
0.02 94.1625087712168
0.03 91.2589778413318
0.04 88.6500376359051
0.05 85.9071643850932
0.06 83.1029095040516
0.07 80.8057930149168
0.08 78.3572513922472
0.09 75.9379630690953
0.1 73.6538557223199
0.11 71.4783066926621
0.12 69.0931072920582
0.13 67.1301522400789
0.14 64.8022589162138
0.15 62.7368279971637
0.16 60.6870454446357
0.17 58.9734072913114
0.18 57.1569195896298
0.19 55.1869838513101
0.2 53.3080902149693
0.21 51.4313542926155
0.22 50.0340439441823
0.23 48.3186004651927
0.24 46.7146784272921
0.25 45.0503940631065
0.26 43.420159592125
0.27 42.0191834173005
0.28 40.430512739988
0.29 39.1019891974636
0.3 37.5313440124754
0.31 36.4197479079949
0.32 35.1406262191499
0.33 33.6486573084042
0.34 32.0437418652166
0.35 31.270132078415
0.36 30.1694544426113
0.37 28.6739188407516
0.38 28.1629233770346
0.39 26.5721173634557
0.4 25.6342373613504
0.41 24.6830899909941
0.42 23.5672016545184
0.43 22.4551814841195
0.44 21.5909925267925
0.45 20.6787060033817
0.46 19.929038193215
0.47 18.8312763237845
0.48 17.9061813730446
0.49 17.2057135616894
0.5 16.2107343953921
0.51 15.5393307681613
0.52 14.3666935970673
0.53 13.7866883052822
0.54 13.2275432464116
0.55 12.4281715738437
0.56 11.7238129072347
0.57 10.8690782945492
0.58 9.96246281820079
0.59 9.47825162688046
0.6 8.61001955174048
0.61 8.27103519594633
0.62 7.57691294735989
0.63 6.99602248524448
0.64 6.45359085511034
0.65 5.85073916618084
0.66 5.158633791901
0.67 4.37665643569756
0.68 3.77715240732509
0.69 3.0790999947093
0.7 2.77799297957384
0.71 2.32438865960646
0.72 2.04945795230769
0.73 1.33526851524484
0.74 0.905230206750769
0.75 0.528030857563279
0.76 0.0173691658559522
0.77 0.569243419224349
0.78 0.452995745385728
0.79 1.1068252491143
0.8 1.33445964396235
0.81 1.43318381357343
0.82 1.79853528271943
0.83 2.22684274279857
0.84 2.53817114959697
0.85 2.98035843637736
0.86 2.9168604087614
0.87 3.34285603056198
0.88 3.23696457187719
0.89 3.4745821888504
0.9 3.53803011883068
0.91 3.59892866096031
0.92 3.65606884591545
0.93 3.58677241167982
0.94 3.55168137200439
0.95 3.41726421405603
0.96 3.41696555814957
0.97 3.19470092544218
0.98 3.16913894882902
0.99 3.06376788502645
