0.01 0.361250000001015
0.02 0.0277499999993947
0.03 0.236243333334605
0.04 0.0608799999888123
0.05 0.152610000101648
0.06 0.352990000628172
0.07 0.211220002895853
0.08 0.0698299891418978
0.09 0.0288155206631584
0.1 0.0619299010612126
0.11 0.218377928445574
0.12 0.104033933317077
0.13 0.000478242389265618
0.14 0.0725513097628074
0.15 0.0444146107137208
0.16 0.0976348504318472
0.17 0.123982205031268
0.18 0.112487830612961
0.19 0.0782601517930841
0.2 0.15509025175693
0.21 0.105672244197698
0.22 0.145626084071562
0.23 0.0755776434749088
0.24 0.177777556635141
0.25 0.00530682325170759
0.26 0.0704391407661265
0.27 0.00556937796180055
0.28 0.0199120617365387
0.29 0.0665178374043769
0.3 0.133136167797953
0.31 0.188162001365694
0.32 0.108363614479522
0.33 0.0154354633025956
0.34 0.355908476487707
0.35 0.0112688838046874
0.36 0.090123503305969
0.37 0.163058420317533
0.38 0.303177705380687
0.39 0.0935644547023869
0.4 0.0207404353987552
0.41 0.0552143946655259
0.42 0.0156398594300838
0.43 0.0446734065217579
0.44 0.0636187550592126
0.45 0.0707592220319273
0.46 0.173382902291034
0.47 0.013358039994131
0.48 0.00585972708440282
0.49 0.0109597876469687
0.5 0.0162088654222815
0.51 0.0159177054285858
0.52 0.198839285497711
0.53 0.00986389219219497
0.54 0.103947248563212
0.55 0.110548711945
0.56 0.157125010783494
0.57 0.0406907897652023
0.58 0.0977152190340204
0.59 0.090213517691578
0.6 0.079282823851374
0.61 0.241358575920453
0.62 0.234042067534725
0.63 0.328989585744514
0.64 0.410124944124284
0.65 0.396416541649837
0.66 0.455955016516114
0.67 0.291356528599902
0.68 0.297325734590504
0.69 0.313012145645257
0.7 0.571052600155813
0.71 0.634091775054603
0.72 0.942676121237719
0.73 0.867473135769228
0.74 0.946143078347603
0.75 1.1272994980509
0.76 1.22663542918965
0.77 1.185785729993
0.78 1.84742587098094
0.79 1.68401904930221
0.8 1.92005840809524
0.81 2.25733368455626
0.82 2.46839206645469
0.83 2.50728944373836
0.84 2.67177068354328
0.85 2.76137466210758
0.86 3.26867445512294
0.87 3.25103855691391
0.88 3.74276791877373
0.89 3.95802604457708
0.9 4.23932023686452
0.91 4.63575769842433
0.92 4.96094035753947
0.93 5.36704472771545
0.94 5.78023687081333
0.95 6.20374740722518
0.96 6.55229047675748
0.97 7.09760521745899
0.98 7.41510801675114
0.99 7.90661927405597
