0.01 4.76199999990477
0.02 1.23400000003037
0.03 1.07400000004268
0.04 0.14799999972041
0.05 0.0105999979702204
0.06 1.45472223280676
0.07 0.140122490319473
0.08 0.289249864571617
0.09 0.332555944650158
0.1 0.207099012049283
0.11 0.180245629616623
0.12 0.0327827740835185
0.13 0.365942551351622
0.14 0.288744091581849
0.15 0.0794137508624661
0.16 0.0991885597774906
0.17 0.368300432529188
0.18 0.4298033304057
0.19 0.221624479802553
0.2 0.0558508116514293
0.21 0.457523319316912
0.22 0.244379917468921
0.23 0.173435481539344
0.24 0.395182120804726
0.25 0.0271337279382139
0.26 0.184007631707136
0.27 0.0222305407945226
0.28 0.158371004450807
0.29 0.100967908544042
0.3 0.181839051815968
0.31 0.306585892174041
0.32 0.239393435933657
0.33 0.116002691870726
0.34 0.668740684601875
0.35 0.0195198279318874
0.36 0.214530780317259
0.37 0.393137940954415
0.38 0.534553845297969
0.39 0.215695959111331
0.4 0.0210265835970617
0.41 0.0362136529873884
0.42 0.00729547403680438
0.43 0.120376303390153
0.44 0.137957946592137
0.45 0.124161297482422
0.46 0.277810972233044
0.47 0.0213235038970377
0.48 0.0462617683322122
0.49 0.0303609634194481
0.5 0.128989837036985
0.51 0.0649281307747454
0.52 0.378795844020114
0.53 0.0770654961753419
0.54 0.0625415392543706
0.55 0.0590653522421138
0.56 0.125886360531816
0.57 0.272044038442597
0.58 0.337817693136771
0.59 0.096723095829972
0.6 0.3315421969134
0.61 0.119826723768606
0.62 0.0488464309323563
0.63 0.156028476900035
0.64 0.215495842049728
0.65 0.173081811849991
0.66 0.188470934707011
0.67 0.0641376557416746
0.68 0.132053307274791
0.69 0.147012631163237
0.7 0.12874314727669
0.71 0.163413550449075
0.72 0.500868012186743
0.73 0.33386969546657
0.74 0.378344510528663
0.75 0.538399357714057
0.76 0.579391036519162
0.77 0.421495219344728
0.78 1.18613024106862
0.79 0.895364644142942
0.8 1.08347929233048
0.81 1.42658911161882
0.82 1.56904839604333
0.83 1.52275098490974
0.84 1.60398512067617
0.85 1.59493936588802
0.86 2.10331882086342
0.87 1.95792556153489
0.88 2.44458701227759
0.89 2.56649699019129
0.9 2.77564904254609
0.91 3.12373176404455
0.92 3.38379647183319
0.93 3.72901873637941
0.94 4.09389908791564
0.95 4.46512755555112
0.96 4.72654725934882
0.97 5.23034047450782
0.98 5.45902118521096
0.99 5.88793094024854
