0.01 0.268125918125472
0.02 1.31138069424772
0.03 2.40463046426353
0.04 4.23631358255971
0.05 5.1959100887049
0.06 5.65780606735722
0.07 6.01330855247724
0.08 4.85407004862635
0.09 5.6227424497021
0.1 6.11380766608811
0.11 5.80060580883221
0.12 9.29267297998864
0.13 10.1472506036024
0.14 10.3857322777548
0.15 10.8441048111742
0.16 10.4076376878494
0.17 10.8989771243055
0.18 10.8995321997797
0.19 11.1055594879739
0.2 11.6246466780626
0.21 11.3971417910777
0.22 12.2942776014435
0.23 10.509381596838
0.24 12.2184463706851
0.25 9.01031091595117
0.26 9.43591868571211
0.27 10.3694532135471
0.28 10.3379929256514
0.29 10.0113035534979
0.3 9.01919452895678
0.31 8.81983259122187
0.32 9.1102508512305
0.33 8.60181365149069
0.34 10.4598772666941
0.35 9.00371196276748
0.36 9.72089179018957
0.37 11.7422821251682
0.38 10.9235444044454
0.39 10.9689044196072
0.4 11.0395598778535
0.41 15.1060228207084
0.42 14.2344069287997
0.43 15.108132012602
0.44 13.348110291799
0.45 11.9015550638123
0.46 8.61757117775886
0.47 11.12633479932
0.48 9.99761875221959
0.49 1.74956411077295
0.5 0.499832624862351
0.51 8.15303779856145
0.52 6.26300096509137
0.53 8.63351437295295
0.54 8.11246207466281
0.55 9.51390668725079
0.56 2.54028426264993
0.57 5.00040451376794
0.58 11.655938348938
0.59 1.96579007104949
0.6 1.66445365997953
0.61 0.29846500132886
0.62 4.25671404091345
0.63 7.3043769392301
0.64 11.5901992260506
0.65 4.24162404001043
0.66 10.3616509985733
0.67 7.00852213550708
0.68 5.69973016820226
0.69 4.60515134483035
0.7 14.6830387642873
0.71 4.11164024951141
0.72 1.06652626989432
0.73 6.03871713866075
0.74 17.2573316705855
0.75 3.00828319724755
0.76 8.67641910119245
0.77 16.8559403595237
0.78 6.38556968056547
0.79 18.4210333317549
0.8 10.4023210904151
0.81 21.6148130522511
0.82 4.45048855452061
0.83 1.54170373341069
0.84 5.44982639608827
0.85 23.9676984755979
0.86 15.5539673756863
0.87 12.7848727467691
0.88 3.04525137779294
0.89 10.5369009896485
0.9 8.41616960016868
0.91 4.07019011465007
0.92 46.4292241147415
0.93 20.2713530004948
0.94 29.2986880417235
0.95 40.3368820892928
0.96 38.0005862377982
0.97 0.771739812565213
0.98 36.4273664810944
0.99 57.5959452301902
