0.01 100
0.02 99.6046330527198
0.03 95.7471243612241
0.04 87.7403127301265
0.05 86.5295283847122
0.06 83.382268862457
0.07 80.821544300304
0.08 74.566739407072
0.09 73.0030294967144
0.1 70.4844326983942
0.11 64.4039601136422
0.12 72.0568552041743
0.13 71.0940086940522
0.14 67.7659171667517
0.15 65.0181230951071
0.16 63.1228384505152
0.17 61.5910475778978
0.18 58.2101324247736
0.19 58.5450747948535
0.2 57.8311441511496
0.21 54.291574881648
0.22 54.5637097584707
0.23 45.808084197956
0.24 49.8263925542649
0.25 37.645962745773
0.26 37.2734963468566
0.27 38.9701690183151
0.28 37.2404601830525
0.29 39.5374278496045
0.3 35.3843522584183
0.31 33.727113144123
0.32 33.443683532008
0.33 31.130377104282
0.34 30.8711641167462
0.35 26.1039413089741
0.36 26.3279331080839
0.37 30.8627539273247
0.38 26.3232004458464
0.39 26.0322589069359
0.4 25.597467339571
0.41 32.2819639953742
0.42 29.460491392131
0.43 31.0182163492986
0.44 26.0597725963644
0.45 26.8810253244077
0.46 19.9568817957358
0.47 23.8530337049458
0.48 21.0685742821505
0.49 2.50323451098991
0.5 0.75378691252621
0.51 15.0431858516986
0.52 12.3679363057051
0.53 16.6995208181844
0.54 13.6533983535258
0.55 16.9166902848557
0.56 4.92364326137262
0.57 8.97427661143245
0.58 19.9576921620804
0.59 4.47036482154973
0.6 3.0972986349502
0.61 0.0928569360795988
0.62 6.99382471856025
0.63 11.0348419512685
0.64 18.2418529981679
0.65 6.76724086337265
0.66 16.7310340909405
0.67 9.4023511498139
0.68 8.44549858486935
0.69 6.81105327451242
0.7 20.8895011857781
0.71 5.34302927719936
0.72 1.73974729442578
0.73 8.20060367836946
0.74 23.1386840851126
0.75 3.91655184969461
0.76 11.3574287731848
0.77 21.5014826905583
0.78 8.04667138830808
0.79 22.8487356506931
0.8 12.9390975294986
0.81 26.0377276742227
0.82 5.47915218102762
0.83 1.98932574530174
0.84 6.72688285084471
0.85 27.7642275078953
0.86 18.0341797188553
0.87 14.6938314659533
0.88 3.41997875868537
0.89 11.7079210754284
0.9 9.30875425030357
0.91 4.34885957979443
0.92 50.3327035256231
0.93 21.7565276995675
0.94 31.0519696935388
0.95 42.3696497195947
0.96 39.5993890806473
0.97 0.830355290436861
0.98 37.1396351539797
0.99 58.1759028450906
