0.01 100
0.02 100
0.03 67.666666666653
0.04 31.9999999999736
0.05 6.40000000001703
0.06 3.38888888890016
0.07 0.591836734695315
0.08 22.1875000000077
0.09 12.3456790123444
0.1 7.10000000000107
0.11 15.4793388429712
0.12 5.27777777777568
0.13 10.4260355029593
0.14 9.61224489796074
0.15 13.1111111111107
0.16 7.14062499999856
0.17 5.51211072664432
0.18 2.30864197530809
0.19 3.51800554016642
0.2 4.8
0.21 0.496598639455024
0.22 0.72727272727264
0.23 4.94706994328877
0.24 0.645833333333951
0.25 15.0800000000005
0.26 9.57692307692349
0.27 3.84224965706461
0.28 5.61224489795909
0.29 0.0428061831152435
0.3 3.98888888888855
0.31 5.47450572320468
0.32 5.32031249999975
0.33 5.51423324150586
0.34 1.11245674740493
0.35 5.1673469387752
0.36 6.17283950617283
0.37 2.53177501826182
0.38 9.22991689750675
0.39 5.51676528599604
0.4 5.67499999999987
0.41 6.77929803688275
0.42 3.33333333333342
0.43 7.36343969713367
0.44 2.02892561983478
0.45 8.93086419753107
0.46 0.293005671077469
0.47 6.59619737437763
0.48 3.53819444444464
0.49 26.4485630987087
0.5 17.3199999999998
0.51 6.87312572087645
0.52 3.4023668639052
0.53 0.629049483802223
0.54 0.396433470507736
0.55 5.84958677685962
0.56 9.92984693877531
0.57 0.35980301631261
0.58 9.71997621878728
0.59 3.84860672220608
0.6 7.08888888888865
0.61 12.4826659500132
0.62 4.65816857440147
0.63 2.04182413706244
0.64 12.3554687500002
0.65 15.9763313609465
0.66 14.0633608815429
0.67 0.507462686567432
0.68 2.78892733564041
0.69 3.33417349296391
0.7 18.2653061224492
0.71 1.14917675064497
0.72 9.7584876543207
0.73 4.14468005254296
0.74 22.7169466764063
0.75 9.79999999999965
0.76 9.43490304709167
0.77 20.0101197503798
0.78 11.6019066403678
0.79 22.4571382791222
0.8 11.8093750000003
0.81 28.9138850784936
0.82 2.98631766805511
0.83 5.38321962548947
0.84 7.44217687074871
0.85 27.0927335640142
0.86 17.4177934018392
0.87 16.345620293301
0.88 4.33522727272666
0.89 11.9333417497796
0.9 10.5703703703696
0.91 2.22485207100669
0.92 55.8175803402633
0.93 21.5559024164631
0.94 30.9176097781787
0.95 42.5606648199454
0.96 43.1059027777753
0.97 2.08895738122843
0.98 34.997501041235
0.99 58.9405162738524
