0.01 7.91000000000108
0.02 5.35000000000063
0.03 3.46666666666798
0.04 3.19999999999917
0.05 1.57999999999922
0.06 1.92666666666736
0.07 0.888571428571323
0.08 1.7750000000005
0.09 2.12222222222213
0.1 1.25000000000011
0.11 4.37272727272688
0.12 1.21999999999974
0.13 2.89461538461548
0.14 3.49571428571453
0.15 3.60999999999993
0.16 1.71999999999975
0.17 1.47411764705895
0.18 0.962222222222118
0.19 1.52105263157898
0.2 2.52
0.21 0.798571428571588
0.22 1.86181818181816
0.23 3.21347826086946
0.24 1.10500000000014
0.25 3.9500000000001
0.26 2.31923076923087
0.27 0.848148148148184
0.28 1.18571428571426
0.29 1.53000000000003
0.3 3.4599999999999
0.31 3.43322580645151
0.32 2.53124999999993
0.33 2.77393939393935
0.34 2.14470588235277
0.35 3.8699999999999
0.36 3.23555555555555
0.37 0.664324324324436
0.38 3.49105263157889
0.39 1.66666666666666
0.4 1.80499999999995
0.41 3.26878048780499
0.42 1.57952380952384
0.43 3.20604651162796
0.44 1.60545454545458
0.45 4.67888888888898
0.46 0.569130434782479
0.47 3.96851063829802
0.48 2.25083333333343
0.49 15.093469387755
0.5 10.1099999999999
0.51 3.78392156862738
0.52 2.1938461538461
0.53 0.581698113207623
0.54 1.15962962962972
0.55 3.52000000000015
0.56 6.41714285714275
0.57 0.650175438596367
0.58 5.81862068965531
0.59 3.14627118644057
0.6 4.14666666666653
0.61 8.84196721311461
0.62 3.21290322580632
0.63 2.1966666666668
0.64 8.49812500000011
0.65 10.7023076923075
0.66 9.48272727272739
0.67 0.906417910447943
0.68 1.6470588235296
0.69 2.53869565217413
0.7 13.6728571428573
0.71 1.0119718309861
0.72 7.01055555555533
0.73 3.16986301369886
0.74 17.4218918918921
0.75 7.85333333333307
0.76 7.53368421052653
0.77 15.8677922077924
0.78 9.15948717948688
0.79 18.1611392405066
0.8 9.59000000000028
0.81 23.9269135802465
0.82 2.28195121951253
0.83 4.58072289156587
0.84 6.01142857142893
0.85 23.3376470588238
0.86 15.130697674419
0.87 14.4194252873558
0.88 3.86818181818127
0.89 10.6849438202252
0.9 9.50666666666596
0.91 2.07307692307762
0.92 51.5399999999988
0.93 20.0816129032247
0.94 29.1685106382965
0.95 40.5321052631587
0.96 41.4862499999977
0.97 2.01175257731735
0.98 34.3118367346961
0.99 58.3597979798008
