0.01 0.01010101010101
0.02 0.020408163265306
0.03 0.030927835051547
0.04 0.041666666666667
0.05 0.052631578947369
0.06 0.063829787234043
0.07 0.075268817204301
0.08 0.08695652173913
0.09 0.098901098901099
0.1 0.111111111111111
0.11 0.123595505617977
0.12 0.136363636363636
0.13 0.149425287356322
0.14 0.162790697674418
0.15 0.176470588235294
0.16 0.190476190476191
0.17 0.204819277108434
0.18 0.219512195121951
0.19 0.234567901234568
0.2 0.25
0.21 0.265822784810127
0.22 0.282051282051282
0.23 0.298701298701299
0.24 0.315789473684211
0.25 0.333333333333334
0.26 0.351351351351351
0.27 0.36986301369863
0.28 0.388888888888889
0.29 0.408450704225352
0.3 0.428571428571429
0.31 0.449275362318841
0.32 0.470588235294118
0.33 0.492537313432836
0.34 0.515151515151516
0.35 0.538461538461539
0.36 0.5625
0.37 0.587301587301587
0.38 0.612903225806452
0.39 0.639344262295082
0.4 0.666666666666667
0.41 0.694915254237288
0.42 0.724137931034483
0.43 0.754385964912281
0.44 0.785714285714286
0.45 0.818181818181819
0.46 0.851851851851853
0.47 0.88679245283019
0.48 0.923076923076924
0.49 0.960784313725491
0.5 1
0.51 1.04081632653061
0.52 1.08333333333333
0.53 1.12765957446809
0.54 1.17391304347826
0.55 1.22222222222222
0.56 1.27272727272727
0.57 1.32558139534884
0.58 1.38095238095238
0.59 1.4390243902439
0.6 1.5
0.61 1.56410256410257
0.62 1.63157894736842
0.63 1.70270270270271
0.64 1.77777777777778
0.65 1.85714285714286
0.66 1.94117647058824
0.67 2.03030303030303
0.68 2.125
0.69 2.22580645161291
0.7 2.33333333333334
0.71 2.44827586206897
0.72 2.57142857142858
0.73 2.70370370370371
0.74 2.84615384615385
0.75 3.00000000000001
0.76 3.16666666666667
0.77 3.34782608695653
0.78 3.54545454545455
0.79 3.76190476190477
0.8 4.00000000000001
0.81 4.26315789473686
0.82 4.55555555555557
0.83 4.88235294117649
0.84 5.25000000000002
0.85 5.66666666666669
0.86 6.14285714285717
0.87 6.69230769230772
0.88 7.33333333333337
0.89 8.09090909090914
0.9 9.00000000000006
0.91 10.1111111111112
0.92 11.5000000000001
0.93 13.2857142857144
0.94 15.6666666666668
0.95 19.0000000000002
0.96 24.0000000000004
0.97 32.333333333334
0.98 49.0000000000016
0.99 99.0000000000066
