0.01 4.1727344699298
0.02 4.37509814160166
0.03 5.64729139516932
0.04 5.991567048682
0.05 6.68362328813327
0.06 7.17028483137792
0.07 8.34022999003121
0.08 8.68269059592739
0.09 9.34939575570267
0.1 10.934249570774
0.11 11.7419646072634
0.12 11.788782893166
0.13 12.9512779687959
0.14 13.3789903818274
0.15 12.7173178600425
0.16 13.1677810944095
0.17 13.3247351557757
0.18 13.3711992027748
0.19 13.836898193366
0.2 13.4079821753084
0.21 13.9516162896789
0.22 14.1794138646765
0.23 14.0973189844176
0.24 13.5617925417546
0.25 13.3871368079284
0.26 13.2243856065538
0.27 9.33681453297196
0.28 11.3689520307448
0.29 11.6321393263323
0.3 11.8529876998641
0.31 12.5131503021806
0.32 7.61903056569284
0.33 7.16289026006973
0.34 4.18053204849698
0.35 2.09583302319515
0.36 8.10462390281918
0.37 1.3138197401511
0.38 1.78744053373397
0.39 5.25208849267592
0.4 9.2077901833865
0.41 12.1011783171657
0.42 18.8054663579246
0.43 23.9814647637861
0.44 20.3209381011079
0.45 20.0896836743138
0.46 14.8644591843796
0.47 16.6477221068066
0.48 14.2248078716797
0.49 13.3212418074742
0.5 12.7892704212779
0.51 13.1793333274097
0.52 14.0819788547535
0.53 13.7674453699978
0.54 5.38824570149885
0.55 5.26895396480277
0.56 14.9679356533949
0.57 18.9262855073388
0.58 3.64172836107015
0.59 16.275572028438
0.6 0.851387066734881
0.61 7.04058110424196
0.62 10.7976940851612
0.63 1.39542678421078
0.64 1.94438953482855
0.65 0.600323331451469
0.66 2.62033780000875
0.67 5.76599889868197
0.68 21.4949175474389
0.69 11.9860901122281
0.7 13.2701327664794
0.71 7.29446349713807
0.72 5.84671824195237
0.73 16.4947093319223
0.74 4.61825873250833
0.75 18.2863373156411
0.76 18.5013275884102
0.77 3.59454078100265
0.78 3.00687700114058
0.79 11.873854358974
0.8 16.4834386525245
0.81 5.69385836985192
0.82 1.93769763437171
0.83 29.6514864624648
0.84 15.4181575449278
0.85 10.8397665047644
0.86 8.13177324431693
0.87 13.8535161506221
0.88 12.0785632046706
0.89 15.0656497649416
0.9 0.92235114790502
0.91 6.70912616568009
0.92 3.80404345683056
0.93 12.0034174248474
0.94 17.3852106820528
0.95 1.99717412093734
0.96 3.11474981769395
0.97 0.85955193651167
0.98 3.52987765720611
0.99 1.95315793763868
