0.01 100
0.02 94.4553286205444
0.03 89.8204718985313
0.04 88.7740118980299
0.05 81.0660920828286
0.06 82.762176979649
0.07 83.3350180522888
0.08 82.5708832724749
0.09 80.1530378132534
0.1 80.063796169352
0.11 80.2532095851859
0.12 75.2137168317449
0.13 72.8611934340921
0.14 65.8128071689778
0.15 61.1323677506274
0.16 64.7746979900017
0.17 63.4647854045382
0.18 60.0179408527537
0.19 61.3853621473048
0.2 57.420998561871
0.21 57.1336825574428
0.22 54.0605414734992
0.23 53.1505337122669
0.24 50.8101514517287
0.25 48.7977176747545
0.26 45.7292513633421
0.27 32.3581636192858
0.28 50.3130180024113
0.29 47.9245340614681
0.3 47.4211779096494
0.31 47.3039383341369
0.32 32.5082591313436
0.33 29.8227135911114
0.34 20.6000745345337
0.35 14.4891747889076
0.36 26.6822221830043
0.37 10.1829178800955
0.38 11.5631671358111
0.39 17.3906611602714
0.4 24.8368984346121
0.41 30.0871108786758
0.42 43.0111269390649
0.43 51.8239777493469
0.44 44.0861739684802
0.45 42.7777065825659
0.46 31.1538305452838
0.47 35.1391167765525
0.48 28.9626524131472
0.49 24.8520087053589
0.5 26.0614327565389
0.51 26.4666325694088
0.52 27.6595373142005
0.53 24.7922959300648
0.54 9.75474459701599
0.55 9.8305732420436
0.56 25.1835830254085
0.57 31.3571656921566
0.58 4.85016739769225
0.59 25.4252719929901
0.6 1.25116833506014
0.61 10.799389453248
0.62 16.9616918191965
0.63 2.97951551217976
0.64 3.59274990945744
0.65 0.986383979797876
0.66 3.00981994421558
0.67 7.88979945461655
0.68 31.2508516554303
0.69 17.7973776740394
0.7 20.1333377897087
0.71 10.4781731952731
0.72 9.02074352518285
0.73 21.8436066119745
0.74 5.07745456845236
0.75 25.7955939243584
0.76 24.6449777416161
0.77 6.14331291530162
0.78 2.40329264594239
0.79 17.3249486504304
0.8 20.8919730584154
0.81 5.3969974860439
0.82 4.07134512413312
0.83 34.9298187541793
0.84 16.507212337806
0.85 10.2836222138197
0.86 11.9733717494769
0.87 18.4949075127675
0.88 16.8591307924099
0.89 20.2461163257068
0.9 1.42190331534348
0.91 5.04922789256829
0.92 1.61190326339671
0.93 10.4409709307197
0.94 16.5162467516842
0.95 0.748765928548268
0.96 6.520297818824
0.97 2.39542960627815
0.98 7.08586120079159
0.99 1.31841517973569
