0.01 100
0.02 100
0.03 7.77777777782328
0.04 20.000000000336
0.05 14.0000000023142
0.06 4.4444444553409
0.07 5.10204077715072
0.08 13.7499998828542
0.09 21.3580243863806
0.1 27.9999992871993
0.11 41.1570234350404
0.12 32.7777744202506
0.13 7.33726870262419
0.14 16.6326367667817
0.15 16.8888590149718
0.16 17.9686979127515
0.17 13.8407371645636
0.18 6.35785714676089
0.19 8.00527566781139
0.2 11.9996035054048
0.21 17.5958031041058
0.22 12.9743051671808
0.23 12.6640740509027
0.24 4.9979018297927
0.25 7.59709196406162
0.26 4.75910432606402
0.27 8.15477085216054
0.28 29.2797892445754
0.29 25.699072716524
0.3 25.322015185115
0.31 21.0039183560003
0.32 4.28525829964283
0.33 0.296474485904244
0.34 14.808393978641
0.35 16.800515319618
0.36 4.62316439738705
0.37 34.0359862470613
0.38 28.9541699139428
0.39 21.2875625206201
0.4 1.42548871039224
0.41 6.79183587042276
0.42 27.8058715954165
0.43 41.5518714385547
0.44 28.5709672900896
0.45 29.0578991660049
0.46 13.7809242718966
0.47 20.0622896383217
0.48 15.3868185926978
0.49 8.89248537752753
0.5 9.42656790123461
0.51 11.2822275928291
0.52 18.0266674952197
0.53 16.2487866291104
0.54 2.99733217293898
0.55 3.21575121449934
0.56 13.9784160752322
0.57 22.90215040389
0.58 6.9306825873504
0.59 13.699322778577
0.6 11.053353963172
0.61 0.659133695053996
0.62 31.5459417007375
0.63 18.5234340483042
0.64 14.9611681058056
0.65 8.01466394190762
0.66 6.16363918411748
0.67 14.351163906248
0.68 33.2739123129275
0.69 22.8699410508671
0.7 20.6569321139535
0.71 13.5974300063181
0.72 11.3986910262655
0.73 20.0672427063121
0.74 7.998188914761
0.75 28.5039456317702
0.76 22.3390854260904
0.77 9.00171046196849
0.78 1.67412690710567
0.79 25.9488485996805
0.8 24.0817198864927
0.81 7.70934433639799
0.82 7.12945725356754
0.83 40.4863624563087
0.84 16.6001421772758
0.85 10.8575359476899
0.86 2.06677440527405
0.87 11.5294518674002
0.88 10.3656877819729
0.89 13.3541134483717
0.9 3.63064848485776
0.91 12.8503559196696
0.92 6.2540315824073
0.93 16.7051586928573
0.94 19.2109201393024
0.95 2.36710223863084
0.96 0.389651979357038
0.97 4.5888852429322
0.98 1.17490721797029
0.99 10.7562455298971
