0.01 30.6999999999993
0.02 2.90000000000063
0.03 6.70000000000135
0.04 5.60000000001182
0.05 0.700000000102203
0.06 1.29999999938218
0.07 5.67142856870272
0.08 4.54999998962869
0.09 3.9444444109187
0.1 10.8999999117909
0.11 9.38181795171403
0.12 9.79999945937709
0.13 8.31538340578393
0.14 9.08571179798209
0.15 7.63332835321707
0.16 3.92499023927153
0.17 2.35292320352598
0.18 0.677810201685158
0.19 1.52099883466633
0.2 2.79991241105513
0.21 5.19986258893512
0.22 3.91796286244737
0.23 5.2561892995998
0.24 3.73282306690393
0.25 4.29924704418171
0.26 2.375801276689
0.27 3.82393875036785
0.28 6.65495309404129
0.29 5.24861086548081
0.3 5.0290152105896
0.31 5.84252956571277
0.32 4.771323591146
0.33 1.93271807662279
0.34 8.13973684151161
0.35 10.1502972573181
0.36 0.648128742786869
0.37 17.3553238012492
0.38 17.3607783542108
0.39 11.5814629214971
0.4 2.07064198776497
0.41 3.06921451711369
0.42 15.6700023674331
0.43 23.5428995744508
0.44 15.4765578932106
0.45 16.4723458402096
0.46 8.32111707318262
0.47 10.9801419745232
0.48 9.20437260025128
0.49 6.42791389791268
0.5 3.28025540275061
0.51 5.52481498263295
0.52 9.30726611980225
0.53 9.97393700484254
0.54 1.68977952371459
0.55 2.33027272518594
0.56 10.6069065099586
0.57 16.7968293641548
0.58 2.99998738879047
0.59 12.1467021594181
0.6 5.34628904577559
0.61 0.261996222218854
0.62 20.5814863029217
0.63 11.442885846867
0.64 9.49235931540408
0.65 5.50929734654224
0.66 5.52403219894259
0.67 10.0143192953619
0.68 22.5711967900375
0.69 15.8593417083644
0.7 12.7666516395627
0.71 9.45937421161537
0.72 6.67505198740889
0.73 15.9567476061941
0.74 6.17994816391293
0.75 19.0094492209823
0.76 16.7741678963693
0.77 6.09060614059476
0.78 0.736953518226812
0.79 18.0467189409226
0.8 19.4074424284847
0.81 6.68223852004409
0.82 5.15175725695926
0.83 32.9921446999853
0.84 15.5737600619185
0.85 10.2704583418662
0.86 0.0490870836569754
0.87 7.09412553315339
0.88 5.7084032584958
0.89 8.10654542776796
0.9 5.35190270039174
0.91 12.3608967108057
0.92 6.95926715896991
0.93 15.8327059352295
0.94 18.0120481369627
0.95 4.27170178531422
0.96 2.85547993195469
0.97 6.68616402906062
0.98 1.75360423082191
0.99 11.7464077542025
