0.01 0.99851525882099
0.02 1.00136624972688
0.03 1.0037157445038
0.04 1.00322756770506
0.05 1.00783373105824
0.06 1.01013819212285
0.07 1.01465822015795
0.08 1.01860141184293
0.09 1.02340852023255
0.1 1.02861929422686
0.11 1.03821651833305
0.12 1.04259728688097
0.13 1.04726421036572
0.14 1.05658054052495
0.15 1.06183880707312
0.16 1.0753626039202
0.17 1.08355261684571
0.18 1.09236390320348
0.19 1.10340251144058
0.2 1.11757976473757
0.21 1.12887787695765
0.22 1.13998615072264
0.23 1.15438249723052
0.24 1.16995912925467
0.25 1.18116094938256
0.26 1.19273751546165
0.27 1.21499092434715
0.28 1.23438717469374
0.29 1.24686139552561
0.3 1.2642716416369
0.31 1.28479988035138
0.32 1.29980548819935
0.33 1.32430398456033
0.34 1.34710466896503
0.35 1.37154770581728
0.36 1.3952560054525
0.37 1.41461353406186
0.38 1.44497597082748
0.39 1.46436127966086
0.4 1.49533017030384
0.41 1.52490619134111
0.42 1.55717174113651
0.43 1.57473638479363
0.44 1.60278758141082
0.45 1.64574381249266
0.46 1.68181624586638
0.47 1.71814571591228
0.48 1.74595189025066
0.49 1.79132654952759
0.5 1.84702513586707
0.51 1.88189263099005
0.52 1.91620850014214
0.53 1.96367477695698
0.54 2.01055764893365
0.55 2.05599176364245
0.56 2.12294777212065
0.57 2.16649914647404
0.58 2.23681668883018
0.59 2.29485566743908
0.6 2.33381738764543
0.61 2.41619335733642
0.62 2.48691320914795
0.63 2.55873300615125
0.64 2.63588709752032
0.65 2.69961747063044
0.66 2.79158381895482
0.67 2.90596416150817
0.68 2.99366019184631
0.69 3.08657102108145
0.7 3.22247223909602
0.71 3.29922768484657
0.72 3.42499190334331
0.73 3.58485231773683
0.74 3.72520565922046
0.75 3.88067593131493
0.76 3.95584263702312
0.77 4.14310116227711
0.78 4.32722679101382
0.79 4.49954019682063
0.8 4.72804877846874
0.81 4.94085554941537
0.82 5.16535234964576
0.83 5.36618406473236
0.84 5.59712048048804
0.85 5.90397897036848
0.86 6.08375352839669
0.87 6.42091363176335
0.88 6.68636528093281
0.89 7.04950798805213
0.9 7.34690050928463
0.91 7.60946689430235
0.92 7.84942171091958
0.93 8.21402183458618
0.94 8.49958482680285
0.95 8.88161535484974
0.96 9.29723152296587
0.97 9.56372061035005
0.98 9.84241972549338
0.99 10.1750539519499
