0.01 0.000351874738912
0.02 0.00110657050966
0.03 0.002778036702542
0.04 0.004649646261519
0.05 0.007388430262078
0.06 0.010540859961169
0.07 0.014326987895402
0.08 0.018954379603815
0.09 0.023507165523697
0.1 0.029461494360237
0.11 0.035077775198672
0.12 0.042536771378869
0.13 0.049102227866404
0.14 0.057356585469103
0.15 0.064114589559933
0.16 0.074878944065457
0.17 0.08447986015938
0.18 0.093745732680727
0.19 0.104388225939095
0.2 0.117951175844242
0.21 0.128485492677314
0.22 0.139878243638065
0.23 0.154575713850691
0.24 0.170279351533973
0.25 0.180798208029568
0.26 0.195412953927839
0.27 0.214793394947467
0.28 0.234147829946776
0.29 0.247246233483584
0.3 0.263382441868418
0.31 0.284818781983428
0.32 0.300607206562594
0.33 0.324889403613448
0.34 0.34577771798408
0.35 0.371254836587631
0.36 0.394648581479346
0.37 0.414635305116314
0.38 0.444410833948799
0.39 0.46389502846662
0.4 0.49429635579768
0.41 0.523359435871391
0.42 0.55641408090635
0.43 0.57532313375704
0.44 0.603537238459962
0.45 0.645869882077596
0.46 0.682319463289928
0.47 0.717419305700791
0.48 0.746720792730548
0.49 0.791642832808895
0.5 0.845968316847028
0.51 0.881245135672794
0.52 0.916254501972238
0.53 0.963348807962923
0.54 1.0116096167685
0.55 1.05451860347859
0.56 1.12336408607333
0.57 1.16690610975834
0.58 1.2372945585586
0.59 1.29284557216484
0.6 1.33463127031189
0.61 1.4158836251791
0.62 1.48803602208263
0.63 1.55803994589189
0.64 1.63582049393439
0.65 1.70008174391693
0.66 1.79133606522701
0.67 1.90519328252353
0.68 1.99288986234261
0.69 2.08824996722845
0.7 2.22224675388892
0.71 2.30041415349743
0.72 2.42652919868134
0.73 2.58627760841712
0.74 2.72543151862561
0.75 2.88048469239032
0.76 2.95720373659028
0.77 3.14387435517484
0.78 3.3284120553625
0.79 3.50103867520785
0.8 3.72961965771277
0.81 3.94334887206375
0.82 4.16736711077788
0.83 4.37016106263314
0.84 4.60040564070601
0.85 4.90864382707809
0.86 5.09031817102448
0.87 5.42896702765535
0.88 5.69542716470462
0.89 6.05849498724863
0.9 6.3580799438765
0.91 6.62443164171021
0.92 6.86703862595494
0.93 7.23338582170833
0.94 7.52200482781693
0.95 7.90568238660874
0.96 8.32536961919986
0.97 8.59571735121629
0.98 8.87860953747295
0.99 9.21714196386315
