0.01 0.010035
0.02 0.020352
0.03 0.031073
0.04 0.041477
0.05 0.052278
0.06 0.064069
0.07 0.075257
0.08 0.086836
0.09 0.098804
0.1 0.111171
0.11 0.123695
0.12 0.136998
0.13 0.14917
0.14 0.162647
0.15 0.175443
0.16 0.189966
0.17 0.204843
0.18 0.218807
0.19 0.233486
0.2 0.250367
0.21 0.265996
0.22 0.280458
0.23 0.298615
0.24 0.316458
0.25 0.331972
0.26 0.348521
0.27 0.368925
0.28 0.391163
0.29 0.407223
0.3 0.425866
0.31 0.448695
0.32 0.467509
0.33 0.491514
0.34 0.513904
0.35 0.5406
0.36 0.563865
0.37 0.5846
0.38 0.615174
0.39 0.636244
0.4 0.665568
0.41 0.693651
0.42 0.72669
0.43 0.746087
0.44 0.776766
0.45 0.817368
0.46 0.853418
0.47 0.885833
0.48 0.916605
0.49 0.961704
0.5 1.008293
0.51 1.047485
0.52 1.082458
0.53 1.127816
0.54 1.173593
0.55 1.21608
0.56 1.278722
0.57 1.322824
0.58 1.389262
0.59 1.442108
0.6 1.489258
0.61 1.564296
0.62 1.634428
0.63 1.701225
0.64 1.776846
0.65 1.839014
0.66 1.925207
0.67 2.036103
0.68 2.119287
0.69 2.212988
0.7 2.346088
0.71 2.418149
0.72 2.545812
0.73 2.697285
0.74 2.830195
0.75 2.985836
0.76 3.062261
0.77 3.246052
0.78 3.430408
0.79 3.599234
0.8 3.81552
0.81 4.024505
0.82 4.244472
0.83 4.451043
0.84 4.678254
0.85 4.969256
0.86 5.158198
0.87 5.494627
0.88 5.75791
0.89 6.101871
0.9 6.391643
0.91 6.669727
0.92 6.932747
0.93 7.282949
0.94 7.578281
0.95 7.932964
0.96 8.348214
0.97 8.632249
0.98 8.908545
0.99 9.24332
