0.01 0.000105
0.02 0.00038
0.03 0.000977
0.04 0.001613
0.05 0.002547
0.06 0.003842
0.07 0.005151
0.08 0.007017
0.09 0.008861
0.1 0.011272
0.11 0.013495
0.12 0.01661
0.13 0.019301
0.14 0.022956
0.15 0.025812
0.16 0.030521
0.17 0.034907
0.18 0.039475
0.19 0.044178
0.2 0.050336
0.21 0.055796
0.22 0.06129
0.23 0.068582
0.24 0.076399
0.25 0.08215
0.26 0.089921
0.27 0.099491
0.28 0.110365
0.29 0.117063
0.3 0.126734
0.31 0.138911
0.32 0.148684
0.33 0.161613
0.34 0.173964
0.35 0.189722
0.36 0.203469
0.37 0.215307
0.38 0.234816
0.39 0.246661
0.4 0.266093
0.41 0.284321
0.42 0.306143
0.43 0.318007
0.44 0.339317
0.45 0.367469
0.46 0.392658
0.47 0.415731
0.48 0.437994
0.49 0.471276
0.5 0.506781
0.51 0.53612
0.52 0.562624
0.53 0.597399
0.54 0.63346
0.55 0.667089
0.56 0.718166
0.57 0.75335
0.58 0.809012
0.59 0.851756
0.6 0.88934
0.61 0.953754
0.62 1.014613
0.63 1.070217
0.64 1.135968
0.65 1.191282
0.66 1.266381
0.67 1.365466
0.68 1.438295
0.69 1.523686
0.7 1.644418
0.71 1.710138
0.72 1.827179
0.73 1.967562
0.74 2.090407
0.75 2.235173
0.76 2.304492
0.77 2.476895
0.78 2.651894
0.79 2.811073
0.8 3.017936
0.81 3.217989
0.82 3.428473
0.83 3.627712
0.84 3.84529
0.85 4.127992
0.86 4.310224
0.87 4.637547
0.88 4.894325
0.89 5.231001
0.9 5.514384
0.91 5.787602
0.92 6.044159
0.93 6.3901
0.94 6.680746
0.95 7.031785
0.96 7.443655
0.97 7.725592
0.98 8.000267
0.99 8.335946
