0.01 0
0.02 0
0.03 0.002690656470928
0.04 0.004160750427422
0.05 0.00704195900587
0.06 0.009774943678458
0.07 0.013475443965899
0.08 0.021539641375219
0.09 0.031113095126597
0.1 0.040179904474877
0.11 0.045475660218394
0.12 0.053023952544653
0.13 0.073717413552724
0.14 0.083927890358723
0.15 0.105455492864533
0.16 0.108036782365175
0.17 0.117128789700538
0.18 0.12125795947012
0.19 0.13279520258992
0.2 0.13809171662348
0.21 0.147500751126812
0.22 0.179518859656953
0.23 0.198694914322616
0.24 0.157468457955038
0.25 0.176439422457319
0.26 0.20442092224587
0.27 0.215165054427731
0.28 0.253575231324881
0.29 0.301611373181437
0.3 0.358244267132576
0.31 0.300038461449468
0.32 0.308963842561083
0.33 0.3437464272068
0.34 0.392249665713321
0.35 0.388867084302432
0.36 0.43996875621748
0.37 0.459474542730989
0.38 0.520686582533109
0.39 0.615228910617508
0.4 0.622333415929639
0.41 0.722403762412138
0.42 0.735580060290171
0.43 0.714915979591577
0.44 0.721688145811603
0.45 0.736518894445777
0.46 0.715577901253909
0.47 0.72124720697663
0.48 0.944282448446494
0.49 0.93175995913558
0.5 0.672870547988972
0.51 0.746156201740614
0.52 0.851541115696891
0.53 0.764119545542368
0.54 0.734325517665749
0.55 0.743796803750163
0.56 0.943697248967691
0.57 1.24738594584768
0.58 1.28000642900253
0.59 1.06622305991704
0.6 1.03279148420327
0.61 1.27807879914185
0.62 1.10271752898846
0.63 1.2757272076125
0.64 1.10888293034712
0.65 1.22749933581269
0.66 1.42356442842211
0.67 1.30448049198092
0.68 2.02505202164904
0.69 1.41762489739449
0.7 1.92782544891399
0.71 2.01649691279472
0.72 3.21802421594649
0.73 2.497060204358
0.74 2.49610491121541
0.75 1.80666743182096
0.76 2.52526947731271
0.77 2.36324652001299
0.78 3.45423125054612
0.79 2.72244424264256
0.8 3.32387377329769
0.81 2.26092592554063
0.82 4.08199913782204
0.83 1.96748003626451
0.84 4.10669405002531
0.85 4.88907255961975
0.86 6.38380978074726
0.87 5.88624866987545
0.88 5.96335860700702
0.89 6.45821543661342
0.9 4.57785837426173
0.91 5.74613806810782
0.92 6.61597835403519
0.93 7.24643113264394
0.94 5.86047239835708
0.95 6.18097266634756
0.96 4.88459351966433
0.97 7.1013350580792
0.98 10.7719552450318
0.99 6.99599880752575
