0.01 0.986376722749492
0.02 0.984665516732938
0.03 0.979640139426848
0.04 0.977156771096758
0.05 0.988130793257918
0.06 0.984565606364596
0.07 0.986687511362474
0.08 0.998999352148172
0.09 1.01314187200511
0.1 1.01508056834573
0.11 1.02216423541373
0.12 1.03321874987954
0.13 1.04838176005548
0.14 1.06020728095021
0.15 1.08315299267735
0.16 1.08514949018949
0.17 1.09591973818887
0.18 1.10274938395723
0.19 1.12041936790607
0.2 1.1200483078148
0.21 1.13112113342784
0.22 1.16492697755856
0.23 1.18145494973506
0.24 1.12659001318656
0.25 1.13668768146377
0.26 1.16958846978081
0.27 1.18177790360015
0.28 1.22723760315968
0.29 1.28204737501721
0.3 1.34051877299408
0.31 1.32423771952869
0.32 1.3387809053399
0.33 1.38660850103928
0.34 1.44336623408522
0.35 1.41666377992696
0.36 1.46355742781596
0.37 1.48491759672314
0.38 1.55489979151995
0.39 1.65904985216997
0.4 1.65455600958898
0.41 1.77295619463042
0.42 1.77700121657213
0.43 1.74251287081632
0.44 1.76488347949253
0.45 1.77284290109568
0.46 1.75102972574465
0.47 1.74157798842089
0.48 1.96697439564829
0.49 1.95149835135208
0.5 1.6571961425869
0.51 1.74092649216924
0.52 1.85437601293441
0.53 1.74945286617393
0.54 1.72261057266179
0.55 1.73659498076956
0.56 1.95689721294066
0.57 2.27800080195826
0.58 2.30076559431725
0.59 2.06274624420037
0.6 2.01421791310792
0.61 2.27467977904319
0.62 2.08108049477071
0.63 2.26162847297963
0.64 2.08265250050208
0.65 2.19352633126289
0.66 2.39965184839949
0.67 2.27777991738796
0.68 3.0283501851852
0.69 2.38506830664492
0.7 2.93927732015094
0.71 3.01648582653368
0.72 4.25447584091569
0.73 3.48611834171702
0.74 3.50458790967189
0.75 2.77682357134007
0.76 3.52601489934871
0.77 3.35207350400547
0.78 4.4805998129843
0.79 3.71469828845665
0.8 4.32343153431506
0.81 3.22510423411844
0.82 5.08550922951778
0.83 2.93837485085583
0.84 5.10769496394515
0.85 5.92216650172936
0.86 7.41408661256667
0.87 6.90283152368098
0.88 6.96218440760646
0.89 7.4411686704382
0.9 5.55376447841914
0.91 6.68943128170106
0.92 7.62934599269565
0.93 8.26124777850871
0.94 6.84647115767282
0.95 7.13231874035232
0.96 5.84966865539279
0.97 8.08658570957636
0.98 11.7448972410601
0.99 7.95934001698102
