0.01 0
0.02 0
0.03 0.001
0.04 0.001
0.05 0.004
0.06 0.007
0.07 0.008
0.08 0.011
0.09 0.019
0.1 0.022
0.11 0.023
0.12 0.027
0.13 0.029
0.14 0.033
0.15 0.047
0.16 0.049
0.17 0.053
0.18 0.057
0.19 0.06
0.2 0.065
0.21 0.065
0.22 0.084
0.23 0.098
0.24 0.072
0.25 0.085
0.26 0.095
0.27 0.099
0.28 0.117
0.29 0.151
0.3 0.181
0.31 0.148
0.32 0.147
0.33 0.155
0.34 0.185
0.35 0.187
0.36 0.221
0.37 0.237
0.38 0.282
0.39 0.328
0.4 0.351
0.41 0.392
0.42 0.401
0.43 0.386
0.44 0.38
0.45 0.407
0.46 0.379
0.47 0.385
0.48 0.533
0.49 0.525
0.5 0.361
0.51 0.407
0.52 0.492
0.53 0.479
0.54 0.417
0.55 0.457
0.56 0.617
0.57 0.806
0.58 0.812
0.59 0.697
0.6 0.661
0.61 0.811
0.62 0.711
0.63 0.86
0.64 0.759
0.65 0.866
0.66 1.033
0.67 0.917
0.68 1.568
0.69 0.983
0.7 1.396
0.71 1.539
0.72 2.605
0.73 1.975
0.74 1.912
0.75 1.313
0.76 1.942
0.77 1.797
0.78 2.784
0.79 2.001
0.8 2.587
0.81 1.835
0.82 3.431
0.83 1.533
0.84 3.445
0.85 4.245
0.86 5.449
0.87 4.951
0.88 5.397
0.89 5.897
0.9 4.161
0.91 5.156
0.92 5.843
0.93 6.296
0.94 5.137
0.95 5.551
0.96 4.223
0.97 6.193
0.98 9.866
0.99 6.457
