0.01 0.011
0.02 0.015
0.03 0.029
0.04 0.038
0.05 0.054
0.06 0.065
0.07 0.077
0.08 0.091
0.09 0.113
0.1 0.123
0.11 0.135
0.12 0.147
0.13 0.16
0.14 0.17
0.15 0.193
0.16 0.197
0.17 0.21
0.18 0.221
0.19 0.239
0.2 0.252
0.21 0.267
0.22 0.299
0.23 0.326
0.24 0.299
0.25 0.325
0.26 0.34
0.27 0.353
0.28 0.389
0.29 0.439
0.3 0.478
0.31 0.465
0.32 0.47
0.33 0.493
0.34 0.543
0.35 0.547
0.36 0.592
0.37 0.617
0.38 0.681
0.39 0.748
0.4 0.771
0.41 0.832
0.42 0.839
0.43 0.821
0.44 0.838
0.45 0.868
0.46 0.848
0.47 0.856
0.48 1.015
0.49 1.013
0.5 0.829
0.51 0.895
0.52 1.012
0.53 0.982
0.54 0.931
0.55 0.99
0.56 1.186
0.57 1.411
0.58 1.42
0.59 1.285
0.6 1.238
0.61 1.418
0.62 1.302
0.63 1.465
0.64 1.342
0.65 1.462
0.66 1.661
0.67 1.53
0.68 2.231
0.69 1.6
0.7 2.09
0.71 2.226
0.72 3.37
0.73 2.674
0.74 2.649
0.75 1.998
0.76 2.68
0.77 2.538
0.78 3.585
0.79 2.756
0.8 3.369
0.81 2.571
0.82 4.226
0.83 2.276
0.84 4.258
0.85 5.133
0.86 6.333
0.87 5.828
0.88 6.298
0.89 6.789
0.9 5.044
0.91 6.027
0.92 6.742
0.93 7.205
0.94 6.018
0.95 6.387
0.96 5.072
0.97 7.105
0.98 10.775
0.99 7.339
