0.01 0.999602265866506
0.02 1.00000671660604
0.03 1.00065036550303
0.04 1.00502496083739
0.05 1.00975610627486
0.06 1.00962604176596
0.07 1.0142716232661
0.08 1.02085615608542
0.09 1.02364348747588
0.1 1.03084859058304
0.11 1.03519707566116
0.12 1.04096144242
0.13 1.04805659055593
0.14 1.05593782848845
0.15 1.06291251756187
0.16 1.07478411112177
0.17 1.08515512216593
0.18 1.09728356111466
0.19 1.10244319270273
0.2 1.11481759560381
0.21 1.12795389698081
0.22 1.14336724743218
0.23 1.1554941824181
0.24 1.16887805310653
0.25 1.18427803250095
0.26 1.2005477403023
0.27 1.21499867376359
0.28 1.23185385190404
0.29 1.24937502175545
0.3 1.27034108918984
0.31 1.28724260868981
0.32 1.3044798776368
0.33 1.32577457404293
0.34 1.34866315780842
0.35 1.36993710637206
0.36 1.38735181669074
0.37 1.41460729619823
0.38 1.44658855391228
0.39 1.4701995328073
0.4 1.49481779801486
0.41 1.51946420005761
0.42 1.55803734937331
0.43 1.57445263386373
0.44 1.61504415002359
0.45 1.64294353428361
0.46 1.67916745906002
0.47 1.70256432666088
0.48 1.74657549229048
0.49 1.78574688374926
0.5 1.83253439170574
0.51 1.87149849672574
0.52 1.90837468587856
0.53 1.95542601873952
0.54 1.98160607528571
0.55 2.03399073473922
0.56 2.09663049941261
0.57 2.1298001651323
0.58 2.19092627291773
0.59 2.25168059228908
0.6 2.313964984097
0.61 2.36047749423391
0.62 2.43309685108222
0.63 2.48161976763057
0.64 2.55863669739325
0.65 2.6146098236069
0.66 2.67961110263914
0.67 2.74119642410475
0.68 2.80315721032353
0.69 2.87896137219967
0.7 2.95924644677162
0.71 3.03425039013007
0.72 3.11408326183075
0.73 3.17943276088622
0.74 3.28752618113823
0.75 3.36547443821576
0.76 3.47538039276905
0.77 3.54761216707975
0.78 3.63298415115554
0.79 3.67091395058352
0.8 3.7913423407893
0.81 3.9101159933084
0.82 4.01358162807291
0.83 4.10186501883037
0.84 4.17672294328464
0.85 4.27393979969612
0.86 4.32131337730329
0.87 4.4303665070891
0.88 4.50641985989726
0.89 4.60735717779726
0.9 4.68354075134836
0.91 4.78480358334686
0.92 4.88488709158916
0.93 4.91096677338993
0.94 5.04368716002735
0.95 5.10885089258529
0.96 5.19265695411291
0.97 5.2637579051886
0.98 5.30924488398045
0.99 5.41526805499018
