0.01 0.000291472464253
0.02 0.001150841417132
0.03 0.002627402107201
0.04 0.004872669654202
0.05 0.007286628190248
0.06 0.010728054915316
0.07 0.014361436158412
0.08 0.0194818974442
0.09 0.023569548977312
0.1 0.029746467028344
0.11 0.035416615662422
0.12 0.041865053062518
0.13 0.048370241615418
0.14 0.056954002578144
0.15 0.064842193215606
0.16 0.073604052212294
0.17 0.084400546528649
0.18 0.095284832712027
0.19 0.103812414117317
0.2 0.115773831432253
0.21 0.128657693521227
0.22 0.143148223787213
0.23 0.155775542166449
0.24 0.169022388880068
0.25 0.183912955730903
0.26 0.199754237733446
0.27 0.215510819116708
0.28 0.230622307458266
0.29 0.248405414467585
0.3 0.268484719002441
0.31 0.286337288065506
0.32 0.304667669742309
0.33 0.325721214595166
0.34 0.349197528037844
0.35 0.370585314444956
0.36 0.388449990709125
0.37 0.414487003986168
0.38 0.445618215664575
0.39 0.469572259766527
0.4 0.493889281297677
0.41 0.520443281203814
0.42 0.557269152730987
0.43 0.574268677529069
0.44 0.61602821867773
0.45 0.643819131477885
0.46 0.680079378794244
0.47 0.704888511127645
0.48 0.749527037585058
0.49 0.787083903169945
0.5 0.832212500234216
0.51 0.870365250695975
0.52 0.909239939408782
0.53 0.955736755353341
0.54 0.984581177606285
0.55 1.03509344011624
0.56 1.09704806331752
0.57 1.13263348840747
0.58 1.19247568994225
0.59 1.25288698646609
0.6 1.31394390914804
0.61 1.3634186844062
0.62 1.43594783883966
0.63 1.483782299308
0.64 1.56010051429391
0.65 1.61669705459147
0.66 1.68434489961668
0.67 1.74454030418415
0.68 1.80887444211857
0.69 1.88452992537618
0.7 1.9653438546688
0.71 2.04163101290739
0.72 2.12190108139194
0.73 2.18943868974797
0.74 2.2969006302739
0.75 2.37625003491258
0.76 2.48673161619452
0.77 2.5614702200389
0.78 2.64886215167917
0.79 2.68960058285515
0.8 2.80966343849108
0.81 2.93040696006407
0.82 3.03646949530426
0.83 3.12361159377497
0.84 3.20278274793683
0.85 3.30124156710369
0.86 3.35478856673749
0.87 3.46377950862569
0.88 3.543372261852
0.89 3.64727650541742
0.9 3.72592365165153
0.91 3.83184715527467
0.92 3.93468390903327
0.93 3.96616437529903
0.94 4.10179220648044
0.95 4.16957355061222
0.96 4.25794316367832
0.97 4.33417586248829
0.98 4.38296655745441
0.99 4.49433437499307
