0.01 0.01008
0.02 0.020412
0.03 0.030895
0.04 0.042129
0.05 0.05237
0.06 0.063608
0.07 0.075678
0.08 0.087765
0.09 0.098086
0.1 0.111342
0.11 0.123898
0.12 0.136099
0.13 0.149113
0.14 0.16209
0.15 0.174919
0.16 0.190295
0.17 0.205374
0.18 0.220811
0.19 0.234038
0.2 0.24907
0.21 0.265928
0.22 0.28366
0.23 0.299866
0.24 0.31611
0.25 0.334182
0.26 0.351072
0.27 0.370252
0.28 0.388534
0.29 0.407445
0.3 0.429616
0.31 0.449296
0.32 0.469175
0.33 0.492082
0.34 0.516087
0.35 0.538757
0.36 0.558895
0.37 0.585519
0.38 0.615663
0.39 0.639911
0.4 0.665013
0.41 0.693191
0.42 0.727799
0.43 0.748205
0.44 0.787106
0.45 0.81649
0.46 0.849347
0.47 0.876342
0.48 0.918493
0.49 0.954976
0.5 0.997563
0.51 1.035533
0.52 1.075992
0.53 1.121627
0.54 1.148803
0.55 1.19692
0.56 1.254253
0.57 1.293083
0.58 1.348284
0.59 1.404614
0.6 1.465072
0.61 1.512179
0.62 1.578957
0.63 1.625746
0.64 1.699315
0.65 1.754075
0.66 1.82254
0.67 1.88183
0.68 1.943478
0.69 2.012998
0.7 2.09065
0.71 2.167286
0.72 2.245129
0.73 2.309433
0.74 2.408934
0.75 2.48597
0.76 2.589858
0.77 2.66656
0.78 2.749347
0.79 2.791678
0.8 2.911045
0.81 3.016069
0.82 3.126612
0.83 3.201688
0.84 3.281458
0.85 3.377599
0.86 3.43392
0.87 3.538709
0.88 3.614701
0.89 3.711155
0.9 3.790203
0.91 3.892866
0.92 3.99042
0.93 4.038504
0.94 4.154377
0.95 4.215794
0.96 4.303536
0.97 4.379374
0.98 4.432525
0.99 4.541864
