0.01 9.5E-05
0.02 0.000417
0.03 0.000903
0.04 0.00175
0.05 0.002506
0.06 0.003854
0.07 0.005361
0.08 0.00725
0.09 0.008748
0.1 0.011233
0.11 0.013605
0.12 0.016236
0.13 0.019223
0.14 0.022768
0.15 0.025894
0.16 0.0301
0.17 0.035003
0.18 0.039928
0.19 0.043944
0.2 0.049753
0.21 0.055821
0.22 0.062918
0.23 0.06946
0.24 0.076149
0.25 0.083505
0.26 0.091335
0.27 0.100147
0.28 0.108781
0.29 0.118034
0.3 0.129061
0.31 0.139231
0.32 0.14971
0.33 0.162198
0.34 0.17635
0.35 0.188435
0.36 0.199899
0.37 0.215366
0.38 0.234719
0.39 0.249572
0.4 0.264957
0.41 0.283341
0.42 0.306919
0.43 0.319146
0.44 0.346976
0.45 0.36668
0.46 0.389852
0.47 0.40826
0.48 0.439704
0.49 0.46575
0.5 0.497711
0.51 0.525482
0.52 0.55603
0.53 0.591453
0.54 0.612136
0.55 0.649015
0.56 0.695445
0.57 0.726342
0.58 0.771209
0.59 0.816318
0.6 0.866103
0.61 0.90584
0.62 0.96152
0.63 0.999061
0.64 1.062205
0.65 1.109604
0.66 1.169262
0.67 1.219021
0.68 1.272951
0.69 1.332672
0.7 1.40216
0.71 1.469038
0.72 1.538385
0.73 1.595485
0.74 1.685571
0.75 1.755433
0.76 1.850334
0.77 1.919213
0.78 1.996023
0.79 2.033478
0.8 2.143102
0.81 2.242209
0.82 2.344261
0.83 2.414269
0.84 2.490173
0.85 2.579212
0.86 2.634815
0.87 2.732106
0.88 2.804875
0.89 2.896899
0.9 2.972403
0.91 3.072684
0.92 3.166196
0.93 3.211542
0.94 3.326542
0.95 3.386502
0.96 3.473275
0.97 3.547435
0.98 3.598993
0.99 3.707677
