0.01 0.960027501724428
0.02 1.8782521941775
0.03 2.75414337597125
0.04 3.55711191031239
0.05 4.31662001087342
0.06 5.00571870594226
0.07 5.64785498683725
0.08 6.24850761192096
0.09 6.7293574975839
0.1 7.35131207216719
0.11 7.8292043406039
0.12 8.34164391941478
0.13 8.72046802445586
0.14 9.15306979084802
0.15 9.42828801555171
0.16 9.78795265867758
0.17 9.98789807444546
0.18 10.268853880481
0.19 10.4370114198548
0.2 10.6292252542441
0.21 10.8459068927341
0.22 10.8854300604881
0.23 11.0544324043888
0.24 11.1900137062959
0.25 11.2146612960849
0.26 11.3840857672691
0.27 11.235096617395
0.28 11.3796087078486
0.29 11.3454155297478
0.3 11.267523423367
0.31 11.2126036371453
0.32 11.3269059251402
0.33 11.1568236787712
0.34 10.9539680487742
0.35 10.9894336495013
0.36 10.8347634585143
0.37 10.7729453037239
0.38 10.528561413808
0.39 10.421345240946
0.4 10.2840791346876
0.41 10.1152071377668
0.42 10.0576948934657
0.43 9.72074843318854
0.44 9.55776540754386
0.45 9.3780149516817
0.46 9.1094971523374
0.47 8.93043243036789
0.48 8.63525626829335
0.49 8.61290283741168
0.5 8.40509355555639
0.51 8.00912015808201
0.52 7.79134366553332
0.53 7.50446923784178
0.54 7.51578166122792
0.55 7.12297889324541
0.56 6.94783292526646
0.57 6.66587312491696
0.58 6.44042920033611
0.59 6.12537246128031
0.6 6.12774137559652
0.61 5.60130016311001
0.62 5.71367616376965
0.63 5.23968688299445
0.64 5.05613647177379
0.65 4.71278211119586
0.66 4.52964630508366
0.67 4.15615114527966
0.68 4.19434393373522
0.69 4.13180451078804
0.7 3.6084023074347
0.71 3.206392717895
0.72 3.3442006873829
0.73 3.03263306683377
0.74 3.07701837904835
0.75 2.79283278718848
0.76 2.47549109900034
0.77 1.85935140356533
0.78 1.92526933612553
0.79 2.01218066676747
0.8 1.63230090586852
0.81 1.66516592598942
0.82 1.0197941235661
0.83 0.67311678869816
0.84 1.80833896234307
0.85 1.30963072352331
0.86 0.605104227948389
0.87 0.4719671681477
0.88 1.30243271164591
0.89 0.479932711910524
0.9 0.662239519795498
0.91 0.370796905474001
0.92 0.574002960542056
0.93 0.178920652926259
0.94 0.634490196893659
0.95 0.984772971659093
0.96 0.873567162150039
0.97 1.36915556251544
0.98 2.04729914549171
0.99 2.81006768233917
