0.01 97.0766617685743
0.02 94.2084806302618
0.03 91.2651076100299
0.04 88.6262004185537
0.05 85.9524580093778
0.06 83.4200459516671
0.07 80.8295734072377
0.08 78.2290612635429
0.09 75.9215676200102
0.1 73.766726383969
0.11 71.309622627709
0.12 69.1221987996747
0.13 66.9795954845106
0.14 64.9965818508718
0.15 62.9623904899196
0.16 60.9664560058172
0.17 58.9463831084752
0.18 56.9600647809912
0.19 55.1112878963233
0.2 53.3196129705848
0.21 51.5809109458537
0.22 49.6565384037989
0.23 48.1913764419385
0.24 46.5935543945481
0.25 44.9295219498015
0.26 43.6513728940304
0.27 41.690441964756
0.28 40.6353485446334
0.29 39.0492953897576
0.3 37.6000408146517
0.31 36.210434511936
0.32 35.3596269384933
0.33 33.7613156485699
0.34 32.3972083744071
0.35 31.3778048873175
0.36 30.1683129129968
0.37 29.0951258798696
0.38 27.7323325215833
0.39 26.7539681199533
0.4 25.7275595545792
0.41 24.6501118589032
0.42 23.925458020066
0.43 22.6135843112035
0.44 21.756682547843
0.45 20.9078378462662
0.46 19.8280003648404
0.47 19.0098498150841
0.48 18.0399778645912
0.49 17.6178361290751
0.5 16.8057799303261
0.51 15.7132140397305
0.52 15.029727873841
0.53 14.1801743052104
0.54 13.8428929393129
0.55 12.9979129426624
0.56 12.4284433456938
0.57 11.7071038908553
0.58 11.1047390576471
0.59 10.3893392412529
0.6 10.1860187535611
0.61 9.20871063229158
0.62 9.18495308787975
0.63 8.29079244067584
0.64 7.90791273149607
0.65 7.25347380847977
0.66 6.8669193578199
0.67 6.20133271711882
0.68 6.18572758785905
0.69 5.97452819062921
0.7 5.16596145210744
0.71 4.52920719257871
0.72 4.64790525823678
0.73 4.14903608545284
0.74 4.15127657298225
0.75 3.72263879311363
0.76 3.23836312838538
0.77 2.43754614164238
0.78 2.47328622836741
0.79 2.5492626551643
0.8 2.0373913743912
0.81 2.06578172883549
0.82 1.25149491038857
0.83 0.814144622152102
0.84 2.14579511712552
0.85 1.53645578241511
0.86 0.705807420155471
0.87 0.544188343908242
0.88 1.47445334025614
0.89 0.542829808050661
0.9 0.735108940235163
0.91 0.406242729918323
0.92 0.622076966637975
0.93 0.197543470139403
0.94 0.674558653989285
0.95 1.0355309896753
0.96 0.909309648824171
0.97 1.41112200676818
0.98 2.08865582436493
0.99 2.83853474824004
