0.01 1.77200000010177
0.02 0.652499999970199
0.03 0.510333333291322
0.04 0.337999999979932
0.05 1.18859999998419
0.06 0.230111111099419
0.07 0.138877551018988
0.08 0.722750000006296
0.09 0.0528148148136981
0.1 0.849699999999006
0.11 0.0654214875998431
0.12 0.0138333333355471
0.13 0.295556213016918
0.14 0.462459183675196
0.15 0.115933333332891
0.16 0.0846249999984449
0.17 0.160477508651281
0.18 0.279672839506727
0.19 0.164246537396341
0.2 0.277800000000009
0.21 0.16143083900152
0.22 0.37004545454554
0.23 0.09330056710819
0.24 0.211208333333962
0.25 0.2349200000004
0.26 0.249313609467074
0.27 0.410849108367759
0.28 0.183663265306214
0.29 0.0498906064210173
0.3 0.220399999999657
0.31 0.110742976066289
0.32 0.588714843750234
0.33 0.150603305785018
0.34 0.104243944636759
0.35 0.0866693877553951
0.36 0.0591111111111113
0.37 0.194148283418868
0.38 0.116475069251911
0.39 0.0525930309007166
0.4 0.00563749999988455
0.41 0.0378197501486673
0.42 0.456349206349279
0.43 0.158402379664597
0.44 0.0286611570248652
0.45 0.0832246913582411
0.46 0.211546313799581
0.47 0.166281122679869
0.48 0.315967013888687
0.49 0.242470637234652
0.5 0.233400000000194
0.51 0.214325259515445
0.52 0.0940414201182126
0.53 0.419356710573006
0.54 0.101787379972744
0.55 0.00730082644615969
0.56 0.0761683673471081
0.57 0.00727854724539833
0.58 0.00964863258039481
0.59 0.313478598103812
0.6 0.233911111111336
0.61 0.23845821015836
0.62 0.262307492195821
0.63 0.138891912320268
0.64 0.00756542968769748
0.65 0.215371597632907
0.66 0.0793746556471639
0.67 0.401658275784992
0.68 0.180200692041798
0.69 0.344695232094348
0.7 0.153702040816094
0.71 0.406531442173914
0.72 0.131442901234822
0.73 0.0582203039967295
0.74 0.307577063550305
0.75 0.191595555555876
0.76 0.114882271467853
0.77 0.509813796592692
0.78 0.278028599605214
0.79 0.131486780964935
0.8 0.287771874999619
0.81 0.113936137784282
0.82 0.606475907197705
0.83 0.85700725794703
0.84 0.808240362812243
0.85 0.304178546713291
0.86 0.385205516494887
0.87 0.369171621085489
0.88 0.723245351240251
0.89 0.0753378361311605
0.9 1.32409382715978
0.91 0.878661152033981
0.92 1.00050756143578
0.93 0.0356918718936846
0.94 0.470665685831853
0.95 0.93625152354708
0.96 1.0033394097205
0.97 1.4413546604292
0.98 2.09640920450142
0.99 2.85459595960247
