0.01 0.265220000001
0.02 0.0591099999993957
0.03 0.0299566666679265
0.04 0.0341599999992057
0.05 0.20648999999921
0.06 0.0565766666659617
0.07 0.0232271428572507
0.08 0.0832350000005051
0.09 0.0973711111110166
0.1 0.242559999999896
0.11 0.0173190909094648
0.12 0.00569333333360809
0.13 0.0329346153845214
0.14 0.170032857143109
0.15 0.099726666666597
0.16 0.0601074999997496
0.17 0.0405123529413038
0.18 0.130382222222325
0.19 0.00417842105267694
0.2 0.0576400000000032
0.21 0.0470671428569913
0.22 0.143100909090933
0.23 0.00488739130444637
0.24 0.0960683333334885
0.25 0.0875300000001079
0.26 0.0729046153845115
0.27 0.148645925925958
0.28 0.0220857142857419
0.29 0.0255100000000242
0.3 0.0946333333332345
0.31 0.115216129032159
0.32 0.308238750000071
0.33 0.0605206060605611
0.34 0.0975217647057121
0.35 0.067922857142953
0.36 0.0228977777777849
0.37 0.118284594594705
0.38 0.0721442105262663
0.39 0.0484148717948728
0.4 0.0179299999999549
0.41 0.0216075609757232
0.42 0.251351428571458
0.43 0.0690806976743796
0.44 0.0361436363636735
0.45 0.016392222222318
0.46 0.0835999999998672
0.47 0.0539638297870845
0.48 0.196026666666564
0.49 0.119226938775592
0.5 0.131080000000105
0.51 0.0844984313724864
0.52 0.0486430769230221
0.53 0.24982056603766
0.54 0.0872588888890014
0.55 0.0499154545453088
0.56 0.0394485714286701
0.57 0.0154124561402201
0.58 0.00239551724152533
0.59 0.212047118643965
0.6 0.154300000000133
0.61 0.166442786885124
0.62 0.178437419354959
0.63 0.0869263492062163
0.64 0.00483312499987703
0.65 0.145645384615225
0.66 0.0551639393938032
0.67 0.288236268656553
0.68 0.121694117647246
0.69 0.239380724637895
0.7 0.135037142856951
0.71 0.290275211267418
0.72 0.103575555555767
0.73 0.0433293150682638
0.74 0.232944054054256
0.75 0.14487000000023
0.76 0.0895242105260758
0.77 0.403913246752994
0.78 0.224260512820239
0.79 0.113146455696495
0.8 0.237894999999687
0.81 0.0952907407410635
0.82 0.511547804877696
0.83 0.730093855421313
0.84 0.687314285714668
0.85 0.263334117647469
0.86 0.336661860464665
0.87 0.320237931034019
0.88 0.641864090909618
0.89 0.0695411235949155
0.9 1.19538111111044
0.91 0.800131538460809
0.92 0.925253913042668
0.93 0.0332867741944945
0.94 0.441780425532994
0.95 0.892446842106566
0.96 0.963752083331673
0.97 1.39757371133797
0.98 2.05516857143183
0.99 2.82629808081455
