0.01 0.000250325685609
0.02 0.001214570906056
0.03 0.002764271360854
0.04 0.003571839967311
0.05 0.007351694589827
0.06 0.009473883940922
0.07 0.013911535284975
0.08 0.018386779484143
0.09 0.023573499070478
0.1 0.02772740105063
0.11 0.036395800336946
0.12 0.044378470476097
0.13 0.047616246891554
0.14 0.059792719905503
0.15 0.06354131612848
0.16 0.073844763326835
0.17 0.081564520286616
0.18 0.091265802896083
0.19 0.10589866381302
0.2 0.112951139520129
0.21 0.13149558822128
0.22 0.148750786596242
0.23 0.15287685606188
0.24 0.160933687661669
0.25 0.171808488483538
0.26 0.198840240429566
0.27 0.226571681833653
0.28 0.223580945751604
0.29 0.248527228002232
0.3 0.260975611270062
0.31 0.277575627403286
0.32 0.311889171371066
0.33 0.32298929077609
0.34 0.342874370599459
0.35 0.372284472940693
0.36 0.386627105075741
0.37 0.409009594546533
0.38 0.43107182176363
0.39 0.470278922234952
0.4 0.501212328032479
0.41 0.535181795289256
0.42 0.559315487405798
0.43 0.582196221273694
0.44 0.600578494158736
0.45 0.653614974788611
0.46 0.687787469306408
0.47 0.714206914725385
0.48 0.743046333427875
0.49 0.821350455906763
0.5 0.811885540907265
0.51 0.880247808736899
0.52 0.915701585310188
0.53 0.971038996072256
0.54 1.00241440679681
0.55 1.07073646646019
0.56 1.10672630151826
0.57 1.18854964428671
0.58 1.19963109942309
0.59 1.27293340816566
0.6 1.35352728865627
0.61 1.41326409037235
0.62 1.50538676001822
0.63 1.51369414907812
0.64 1.63216657599071
0.65 1.77378867191264
0.66 1.80756173957911
0.67 1.87603092494368
0.68 2.0375681757185
0.69 2.07609715716622
0.7 2.19547577512885
0.71 2.36998210426605
0.72 2.38319586504316
0.73 2.41715162046077
0.74 2.63243388951164
0.75 2.68906577304081
0.76 3.02638295636345
0.77 3.13185379081699
0.78 3.37293245923194
0.79 3.4684951167498
0.8 3.4570716491133
0.81 3.95705342002314
0.82 4.18912846865423
0.83 4.44989869019835
0.84 4.55387085176041
0.85 4.92044488386173
0.86 4.89661878995444
0.87 5.24474494051668
0.88 5.79759135384348
0.89 6.08381991361724
0.9 6.41737857359277
0.91 6.51451874711689
0.92 7.03688110332263
0.93 7.03931868077762
0.94 7.58309825854921
0.95 7.91704636811043
0.96 8.03527153770195
0.97 8.23123986318424
0.98 8.54500616734983
0.99 9.02934064647081
