0.01 0.998539715144816
0.02 1.00803089111536
0.03 0.997013107566841
0.04 0.996137001319501
0.05 1.01117533156038
0.06 1.00678882010325
0.07 1.00792705732493
0.08 1.01872729013198
0.09 1.01966281944265
0.1 1.03068131490294
0.11 1.03689140005108
0.12 1.04144466974773
0.13 1.0476034617188
0.14 1.06339667151133
0.15 1.05667466008489
0.16 1.06685039722348
0.17 1.08453529148419
0.18 1.09094562531882
0.19 1.10036504799558
0.2 1.10881374297691
0.21 1.13435983073057
0.22 1.14934740953509
0.23 1.15488849332916
0.24 1.16033703778334
0.25 1.16887491373419
0.26 1.20543427955119
0.27 1.22564827928814
0.28 1.2207880003465
0.29 1.24936160499828
0.3 1.25783249614224
0.31 1.27320359896332
0.32 1.31366024809689
0.33 1.32420093189235
0.34 1.34157376780639
0.35 1.37528254963872
0.36 1.38467622486879
0.37 1.40399139708091
0.38 1.43105043609197
0.39 1.47481016146071
0.4 1.50462309649119
0.41 1.52921645569222
0.42 1.56434744450504
0.43 1.58861691842821
0.44 1.59748102652171
0.45 1.65332247737529
0.46 1.69479079297144
0.47 1.70693839327679
0.48 1.74029375717187
0.49 1.82143071524004
0.5 1.8103771556428
0.51 1.88099327999827
0.52 1.91718223460271
0.53 1.9667496752286
0.54 2.00203191466855
0.55 2.07393715566356
0.56 2.11132889541872
0.57 2.18528186852741
0.58 2.19780502506937
0.59 2.2724861157455
0.6 2.35430888452895
0.61 2.41589983097074
0.62 2.50964577553736
0.63 2.51631992035528
0.64 2.63758763626637
0.65 2.77964433804764
0.66 2.81156239132328
0.67 2.87571986828241
0.68 3.0370031716159
0.69 3.07486356457279
0.7 3.19469000199275
0.71 3.37373193358034
0.72 3.37925878917711
0.73 3.4105250587597
0.74 3.63196021470662
0.75 3.68328260708943
0.76 4.02681019922668
0.77 4.13008606324922
0.78 4.37427159734373
0.79 4.4679130063518
0.8 4.44677201666062
0.81 4.95592074261281
0.82 5.18543452667539
0.83 5.45079874616884
0.84 5.5476013924632
0.85 5.91647096875048
0.86 5.89067725545609
0.87 6.24117295492607
0.88 6.78972821991826
0.89 7.0763904154389
0.9 7.40790592812721
0.91 7.50134097373149
0.92 8.02538011340868
0.93 8.02136212479709
0.94 8.56514852682917
0.95 8.89081873957478
0.96 9.00923011298356
0.97 9.19490322717274
0.98 9.51214084558305
0.99 9.98854532603495
