0.01 0.0106
0.02 0.01954
0.03 0.03144
0.04 0.04119
0.05 0.05362
0.06 0.0626
0.07 0.07473
0.08 0.08839
0.09 0.09866
0.1 0.11113
0.11 0.1245
0.12 0.13698
0.13 0.15002
0.14 0.16537
0.15 0.17487
0.16 0.18927
0.17 0.20318
0.18 0.21619
0.19 0.23571
0.2 0.24588
0.21 0.26992
0.22 0.28758
0.23 0.29721
0.24 0.30915
0.25 0.3269
0.26 0.34991
0.27 0.37862
0.28 0.38248
0.29 0.40578
0.3 0.42177
0.31 0.4457
0.32 0.47379
0.33 0.48797
0.34 0.5096
0.35 0.53775
0.36 0.5595
0.37 0.58231
0.38 0.60159
0.39 0.63703
0.4 0.673
0.41 0.70203
0.42 0.72587
0.43 0.75484
0.44 0.77598
0.45 0.82021
0.46 0.85759
0.47 0.8918
0.48 0.91541
0.49 0.98271
0.5 0.98404
0.51 1.04659
0.52 1.0842
0.53 1.13172
0.54 1.16497
0.55 1.23233
0.56 1.26832
0.57 1.33234
0.58 1.36038
0.59 1.43127
0.6 1.50867
0.61 1.55493
0.62 1.63936
0.63 1.67028
0.64 1.7634
0.65 1.90364
0.66 1.94071
0.67 2.01015
0.68 2.16088
0.69 2.20032
0.7 2.32468
0.71 2.47087
0.72 2.50899
0.73 2.56029
0.74 2.7477
0.75 2.81016
0.76 3.12034
0.77 3.22459
0.78 3.4406
0.79 3.56347
0.8 3.58545
0.81 4.02673
0.82 4.27708
0.83 4.49935
0.84 4.64941
0.85 4.97329
0.86 4.9793
0.87 5.32864
0.88 5.85534
0.89 6.10734
0.9 6.43546
0.91 6.57447
0.92 7.04682
0.93 7.10813
0.94 7.65733
0.95 7.9595
0.96 8.08095
0.97 8.3112
0.98 8.6074
0.99 9.06596
