0.01 0.00011
0.02 0.00038
0.03 0.00097
0.04 0.00142
0.05 0.00265
0.06 0.00342
0.07 0.00539
0.08 0.00696
0.09 0.00873
0.1 0.01036
0.11 0.01426
0.12 0.01636
0.13 0.01917
0.14 0.02392
0.15 0.02588
0.16 0.03099
0.17 0.03356
0.18 0.03874
0.19 0.04548
0.2 0.04866
0.21 0.05655
0.22 0.06463
0.23 0.06748
0.24 0.07154
0.25 0.07981
0.26 0.08996
0.27 0.10613
0.28 0.10582
0.29 0.11691
0.3 0.12435
0.31 0.13753
0.32 0.15331
0.33 0.16018
0.34 0.17096
0.35 0.18744
0.36 0.20189
0.37 0.2141
0.38 0.22523
0.39 0.24894
0.4 0.27114
0.41 0.29342
0.42 0.30568
0.43 0.3225
0.44 0.33955
0.45 0.37309
0.46 0.39554
0.47 0.4221
0.48 0.43717
0.49 0.48948
0.5 0.48562
0.51 0.53414
0.52 0.56336
0.53 0.59986
0.54 0.62582
0.55 0.68049
0.56 0.70455
0.57 0.76639
0.58 0.78132
0.59 0.84012
0.6 0.90393
0.61 0.94671
0.62 1.02068
0.63 1.04354
0.64 1.12298
0.65 1.24734
0.66 1.28011
0.67 1.34081
0.68 1.48109
0.69 1.51353
0.7 1.62745
0.71 1.75754
0.72 1.79121
0.73 1.83895
0.74 2.01065
0.75 2.07007
0.76 2.36464
0.77 2.45985
0.78 2.66747
0.79 2.77856
0.8 2.79959
0.81 3.2216
0.82 3.46016
0.83 3.67409
0.84 3.81644
0.85 4.13318
0.86 4.13585
0.87 4.4753
0.88 4.98663
0.89 5.23503
0.9 5.55746
0.91 5.69273
0.92 6.15572
0.93 6.21582
0.94 6.75722
0.95 7.05828
0.96 7.17757
0.97 7.40677
0.98 7.69922
0.99 8.15819
