0.01 1.14698937672197
0.02 1.86610752676526
0.03 2.63957278313136
0.04 3.69015350031466
0.05 4.25579554946697
0.06 5.04700994045224
0.07 5.63678552531028
0.08 6.28867011045049
0.09 6.86982465883769
0.1 7.42426351958241
0.11 7.59872986835841
0.12 8.25143875447478
0.13 8.88801369818211
0.14 9.13407351485399
0.15 9.74370139878486
0.16 9.66954127070335
0.17 10.0651328018052
0.18 10.4261599373125
0.19 10.6243965733078
0.2 10.5936188209792
0.21 10.8186477203068
0.22 11.0810802435358
0.23 11.1125477130147
0.24 11.0831061761019
0.25 11.4129287950998
0.26 11.7374238532345
0.27 11.3056625171688
0.28 11.1241234108224
0.29 11.4728408954322
0.3 11.5009850422162
0.31 11.3488081735687
0.32 11.613226650065
0.33 11.2716327555592
0.34 11.0910913481611
0.35 10.8493982399581
0.36 10.7036141231438
0.37 10.8793447576324
0.38 10.4114854299883
0.39 10.6739547191434
0.4 10.2801779440109
0.41 10.0305155835434
0.42 9.68400845020396
0.43 10.2399782745731
0.44 10.2438210815834
0.45 9.48397486966945
0.46 9.18174621959681
0.47 8.93801000191502
0.48 9.2101036953106
0.49 8.64175268029566
0.5 7.64786246719056
0.51 7.78598044118215
0.52 8.0201468429753
0.53 7.70463193788144
0.54 7.51056583943693
0.55 7.47502796980285
0.56 6.58273537055598
0.57 6.83003457641914
0.58 6.03905051992581
0.59 5.89075730161675
0.6 6.61999052675951
0.61 5.73104093086769
0.62 5.4466742473248
0.63 5.25886083727803
0.64 5.01714962264455
0.65 5.39333757397503
0.66 4.92709372600342
0.67 3.89234787526602
0.68 3.92799001381961
0.69 3.95977611031771
0.7 2.86040212973956
0.71 3.73009135141105
0.72 3.34043956048636
0.73 2.23208728239257
0.74 1.90488788965424
0.75 1.41495849960169
0.76 3.13002717076918
0.77 2.28272654449397
0.78 1.77697951618256
0.79 1.77791752510245
0.8 0.811405046233939
0.81 0.448300847090302
0.82 0.0984133824992449
0.83 0.423010980430323
0.84 0.387348038982882
0.85 0.746738002201191
0.86 0.477279371229724
0.87 0.691137948723732
0.88 0.522045646134179
0.89 1.6237154434805
0.9 1.58969502280796
0.91 0.973845670577366
0.92 0.01289985640787
0.93 0.564561183452752
0.94 0.0723847971878455
0.95 0.655732964203614
0.96 1.5253181339749
0.97 0.740136271556444
0.98 0.125476696440198
0.99 0.0885520030999993
