0.01 96.5164400847712
0.02 94.577804502666
0.03 91.0176813284474
0.04 88.8408489723545
0.05 85.9619825020517
0.06 83.4859860608353
0.07 80.9655732246802
0.08 78.2024634556126
0.09 76.2316437482619
0.1 73.4846550757867
0.11 71.61889097562
0.12 68.806367655496
0.13 67.139278274022
0.14 64.7666689261219
0.15 63.6683992493707
0.16 60.6885543656339
0.17 58.7539506280636
0.18 57.2936106676582
0.19 55.4976510469877
0.2 52.8195296622253
0.21 51.6649813259595
0.22 50.4068045278609
0.23 48.2507392750135
0.24 46.078205345228
0.25 45.7605375861233
0.26 44.3824669486105
0.27 41.9262302339094
0.28 39.7905579722206
0.29 39.4673013781397
0.3 38.5440967487135
0.31 36.6048514783352
0.32 36.120968113766
0.33 34.0376050609472
0.34 32.8784414646381
0.35 31.0526706094257
0.36 29.8402478125777
0.37 29.3999273114452
0.38 27.4908520847197
0.39 27.4420406178878
0.4 25.8555162374219
0.41 24.687252819725
0.42 23.161790337228
0.43 23.7361216746634
0.44 23.1859962612557
0.45 21.0600847348302
0.46 19.9012349306281
0.47 19.0989434057231
0.48 19.1043983395389
0.49 17.6032823853308
0.5 15.4013675039883
0.51 15.3287834421532
0.52 15.4190357828199
0.53 14.5658423638631
0.54 13.818693586557
0.55 13.7113015430477
0.56 11.721900941661
0.57 11.9514547386954
0.58 10.3770626473326
0.59 10.1234128659584
0.6 10.9782280842078
0.61 9.41387692975227
0.62 8.7146956984007
0.63 8.38632223253684
0.64 7.84072693079595
0.65 8.26951523382302
0.66 7.47438671230352
0.67 5.84275302467028
0.68 5.80688972777715
0.69 5.65577345030319
0.7 4.08666110323417
0.71 5.19384280600509
0.72 4.56563043089927
0.73 2.98723228676991
0.74 2.5452562420418
0.75 1.86763384791819
0.76 4.0465340121736
0.77 2.90647794951436
0.78 2.20227398819963
0.79 2.16072810164683
0.8 0.914017211507067
0.81 0.421729439985472
0.82 0.00928704921062326
0.83 0.328350653536525
0.84 0.285990726266863
0.85 1.10020336946594
0.86 0.295078921934084
0.87 1.10304890151461
0.88 0.929713615263298
0.89 2.18747193805454
0.9 2.1804970528329
0.91 1.54746308202818
0.92 0.525286901156814
0.93 1.16834955624611
0.94 0.681243658792613
0.95 1.34729238886182
0.96 2.3412609660222
0.97 1.55241690401231
0.98 0.957670510489145
0.99 0.996777457919861
