0.01 3.95000000010395
0.02 6.89999999997207
0.03 5.29888888893335
0.04 3.22000000001936
0.05 3.21399999998452
0.06 0.31888888887718
0.07 2.23612244897819
0.08 0.869375000006307
0.09 0.450493827161598
0.1 1.44800000000102
0.11 0.739256198350548
0.12 1.50555555555781
0.13 0.639822485207926
0.14 0.725306122447242
0.15 2.48799999999956
0.16 0.14703125000156
0.17 0.251937716267966
0.18 0.0941358024559351
0.19 0.874847645396221
0.2 0.672000000088582
0.21 0.0479818591909503
0.22 1.22685950361323
0.23 0.173648391990551
0.24 0.804236113806498
0.25 1.41999999435215
0.26 1.56576921904527
0.27 0.372523981507533
0.28 1.35561229291591
0.29 1.17154568890086
0.3 1.42911094270022
0.31 0.261612590039425
0.32 1.26453069146459
0.33 0.56867669150218
0.34 0.677991354111788
0.35 0.668819314116754
0.36 0.478523532930747
0.37 0.917880778090131
0.38 0.821287854290543
0.39 1.07610601598851
0.4 0.21509043987948
0.41 0.208517946109526
0.42 0.659348198994167
0.43 1.96634631075282
0.44 1.85026050274051
0.45 0.193307922555218
0.46 0.206172323694615
0.47 0.254018290664883
0.48 1.14623951944063
0.49 0.105832891780543
0.5 1.35822991852095
0.51 1.00204205177725
0.52 0.12187144808316
0.53 0.0379054436879073
0.54 0.0635211220453334
0.55 0.752679181980513
0.56 0.778384011022498
0.57 0.274614551949641
0.58 1.03476963083134
0.59 0.359996343849726
0.6 1.13383748464983
0.61 0.0318111226013128
0.62 0.39095691485452
0.63 0.112206152563557
0.64 0.00203728361204376
0.65 1.11122391073694
0.66 0.891070248106865
0.67 0.7257972398302
0.68 0.0223687102251751
0.69 0.225668026636954
0.7 1.40729666388822
0.71 0.715626962818438
0.72 0.165811685362212
0.73 1.14171653774697
0.74 1.06355523129035
0.75 1.60180529469965
0.76 1.53827087809093
0.77 0.552858708751959
0.78 0.0330580442286496
0.79 0.3913546017568
0.8 0.446992805252972
0.81 0.603389918500638
0.82 0.685908190364823
0.83 0.0976194772416452
0.84 0.281705784316026
0.85 0.652319076998286
0.86 1.13007038622683
0.87 0.145338717470639
0.88 0.420076309055617
0.89 0.373597692198625
0.9 0.0997117891147827
0.91 0.884507177173802
0.92 2.01800758553566
0.93 1.79522578886336
0.94 2.51006695502137
0.95 2.4002943530436
0.96 1.55526769844116
0.97 2.46353607111461
0.98 3.39535663436213
0.99 3.53881094375111
