0.01 0.653499999998997
0.02 0.275199999999406
0.03 0.469366666667936
0.04 0.45520000000079
0.05 0.671799999999212
0.06 0.374766666665956
0.07 0.0156999999998869
0.08 0.138599999999507
0.09 0.0981777777778685
0.1 0.0539000000001109
0.11 0.0804999999996202
0.12 0.46520000000028
0.13 0.170846153846256
0.14 0.0882714285716657
0.15 0.582299999999935
0.16 0.26784999999975
0.17 0.0115823529420187
0.18 0.321255555553186
0.19 0.46123157894105
0.2 0.146800000017625
0.21 0.0651619048080578
0.22 0.564890908975959
0.23 0.0288913040704715
0.24 0.211700000642774
0.25 0.40839999857356
0.26 0.805561535389767
0.27 0.253611104628935
0.28 0.584771441914197
0.29 0.300575835758297
0.3 0.631266615734452
0.31 0.12917732213815
0.32 0.654337320164095
0.33 0.207763307004536
0.34 0.242164116647451
0.35 0.397143899976096
0.36 0.242668467617699
0.37 0.459996954967282
0.38 0.370499887811783
0.39 0.484904372973252
0.4 0.164786168982723
0.41 0.181906986110939
0.42 0.352464229770245
0.43 1.1000400572081
0.44 1.1387867295797
0.45 0.0993328837467356
0.46 0.184056615073199
0.47 0.107886018967432
0.48 0.700667918334737
0.49 0.0964049914605322
0.5 0.830309672886176
0.51 0.642183257743403
0.52 0.0786953204915378
0.53 0.0168910143273489
0.54 0.0229700350459414
0.55 0.496512564177424
0.56 0.47955535909745
0.57 0.196201715782427
0.58 0.618201644419969
0.59 0.236831156102831
0.6 0.685631502621777
0.61 0.0540665191342473
0.62 0.23096463716221
0.63 0.0114138984910153
0.64 0.0481340597782479
0.65 0.844062677030822
0.66 0.648158477815069
0.67 0.517178292664058
0.68 0.0316338460425992
0.69 0.186919350995216
0.7 1.05490666954829
0.71 0.58851507535052
0.72 0.17260154241758
0.73 0.81983246357414
0.74 0.775765574388658
0.75 1.21703267199135
0.76 1.2331628808383
0.77 0.44815576605414
0.78 0.0177680643889288
0.79 0.356674075486315
0.8 0.289496869500655
0.81 0.394557067742373
0.82 0.458093265770259
0.83 0.0702958644776896
0.84 0.381141884581724
0.85 0.363892026202309
0.86 1.17427767446741
0.87 0.112522029301853
0.88 0.639548107870881
0.89 0.00557497715314185
0.9 0.439960621636663
0.91 1.17825808213247
0.92 2.1992317041456
0.93 2.07027805824298
0.94 2.75221971449703
0.95 2.71935135711092
0.96 2.03067232990248
0.97 2.90721995665066
0.98 3.81049138552428
0.99 4.03292379253739
