0.01 0.000878809075734
0.02 0.001496159959411
0.03 0.00319088620467
0.04 0.005190368957276
0.05 0.008497745292927
0.06 0.008735575715408
0.07 0.015100443443239
0.08 0.019736377372981
0.09 0.025661804709932
0.1 0.026429940401421
0.11 0.03026099550048
0.12 0.036143408376197
0.13 0.04089527760532
0.14 0.052399691902018
0.15 0.061913472699065
0.16 0.06762863582984
0.17 0.080111677333292
0.18 0.093473555628913
0.19 0.103360952297419
0.2 0.114348188221521
0.21 0.131097992727941
0.22 0.145189465845437
0.23 0.16494492291665
0.24 0.173113525261109
0.25 0.186352210253846
0.26 0.197970613364713
0.27 0.214830794156409
0.28 0.231526738170462
0.29 0.253475048488912
0.3 0.271169817029839
0.31 0.29972486171853
0.32 0.325341377536688
0.33 0.341329456859987
0.34 0.365062573300463
0.35 0.386077907149992
0.36 0.434009240295223
0.37 0.401208353626536
0.38 0.40958126302569
0.39 0.42852718871208
0.4 0.469166556709245
0.41 0.50661388019805
0.42 0.51310007210681
0.43 0.54864452830113
0.44 0.608757821514272
0.45 0.65979324955949
0.46 0.656818474134395
0.47 0.706313601173803
0.48 0.839184893018498
0.49 0.777214723613069
0.5 0.813845513811715
0.51 0.79257603927046
0.52 1.00215210472612
0.53 0.979089787117242
0.54 1.02308043346933
0.55 1.10803371298813
0.56 1.06379959833705
0.57 1.0851246205561
0.58 1.23261634685661
0.59 1.22712822232172
0.6 1.27118875778753
0.61 1.42891836887502
0.62 1.36625316619033
0.63 1.69511370407741
0.64 1.57718650014259
0.65 1.85331924962704
0.66 1.63273705759105
0.67 1.7800697095836
0.68 1.83412156252054
0.69 1.79048661297092
0.7 1.92723815942198
0.71 2.09173105797232
0.72 2.08903015018829
0.73 2.34102735558515
0.74 2.47364523998136
0.75 2.35396796641754
0.76 2.53125640791947
0.77 2.46512242608241
0.78 2.73874593567372
0.79 2.68265863410984
0.8 3.02870705779956
0.81 3.12790952375166
0.82 3.10651645208193
0.83 3.13790159686067
0.84 3.05906278572791
0.85 3.16199260667533
0.86 3.34534081631654
0.87 3.37387159568295
0.88 3.74155874976021
0.89 3.63251877843103
0.9 3.90825756591507
0.91 3.87546228397989
0.92 3.99083922086091
0.93 3.97311587552923
0.94 4.0965136767776
0.95 4.1450650712995
0.96 4.18249078224228
0.97 4.23848707881755
0.98 4.31865853076181
0.99 4.44278712314807
