0.01 0.998203882614548
0.02 1.00921309168598
0.03 1.01106850488362
0.04 1.01228466996076
0.05 1.01645364854048
0.06 0.996385611708934
0.07 0.99834875773055
0.08 1.00411037911108
0.09 1.01077814818
0.1 1.03390009700038
0.11 1.03512399505549
0.12 1.0424532813969
0.13 1.04775950848074
0.14 1.05365312557177
0.15 1.06355009558922
0.16 1.06536220757511
0.17 1.08067746982855
0.18 1.08636910518892
0.19 1.0982990380183
0.2 1.11127921314844
0.21 1.12742613926844
0.22 1.15313031388843
0.23 1.17523573780091
0.24 1.18858926916189
0.25 1.20077413871437
0.26 1.18984654288795
0.27 1.20823759191814
0.28 1.22465924172959
0.29 1.25087051027546
0.3 1.2653592912247
0.31 1.30597294097749
0.32 1.32006344870648
0.33 1.33691897590991
0.34 1.36049455012076
0.35 1.38487339845361
0.36 1.43861627087045
0.37 1.40788972831207
0.38 1.41038894248016
0.39 1.427632488608
0.4 1.45624416753408
0.41 1.49421346146162
0.42 1.49792794039916
0.43 1.53691704913659
0.44 1.62034470264299
0.45 1.67235609835793
0.46 1.66206535873056
0.47 1.71522709582586
0.48 1.84808108891706
0.49 1.77349727992727
0.5 1.80894139210752
0.51 1.78347454976868
0.52 2.02165369025821
0.53 1.98821787639003
0.54 2.03923760284462
0.55 2.12203218258579
0.56 2.04780410004085
0.57 2.08060121921861
0.58 2.24063304697911
0.59 2.2247923924002
0.6 2.27325369099029
0.61 2.44051764423281
0.62 2.35054172046594
0.63 2.70121772546783
0.64 2.56985172841293
0.65 2.86626319485877
0.66 2.63006257471669
0.67 2.77227856493334
0.68 2.83661279568299
0.69 2.79339667870962
0.7 2.90929601988143
0.71 3.08369648698121
0.72 3.07095177158382
0.73 3.33852162086252
0.74 3.46502824207672
0.75 3.33265713401476
0.76 3.52450641806323
0.77 3.46051788663952
0.78 3.73233620683518
0.79 3.65833117044553
0.8 4.02211398381745
0.81 4.12550749205931
0.82 4.08561127224389
0.83 4.11867942862514
0.84 4.02465827629794
0.85 4.12392313068403
0.86 4.30605433331599
0.87 4.33920105969433
0.88 4.700909627811
0.89 4.58567408749082
0.9 4.86984309352471
0.91 4.81448961893656
0.92 4.94437795042667
0.93 4.91989861928524
0.94 5.04727648850871
0.95 5.09078506741529
0.96 5.12721057949396
0.97 5.16851309824961
0.98 5.24102025320795
0.99 5.35326062734938
