0.01 0.0105
0.02 0.0198
0.03 0.0301
0.04 0.041
0.05 0.0511
0.06 0.0653
0.07 0.0762
0.08 0.0877
0.09 0.1023
0.1 0.1113
0.11 0.1227
0.12 0.1349
0.13 0.1464
0.14 0.1654
0.15 0.1789
0.16 0.1875
0.17 0.2045
0.18 0.2255
0.19 0.2416
0.2 0.2574
0.21 0.2735
0.22 0.2808
0.23 0.3033
0.24 0.3184
0.25 0.3377
0.26 0.351
0.27 0.3703
0.28 0.39
0.29 0.4127
0.3 0.4328
0.31 0.4673
0.32 0.4856
0.33 0.5129
0.34 0.5333
0.35 0.5578
0.36 0.5976
0.37 0.5838
0.38 0.5916
0.39 0.611
0.4 0.6394
0.41 0.6726
0.42 0.6835
0.43 0.7255
0.44 0.7804
0.45 0.8125
0.46 0.8172
0.47 0.8615
0.48 0.9881
0.49 0.9459
0.5 0.9654
0.51 0.9563
0.52 1.1585
0.53 1.1193
0.54 1.1711
0.55 1.2626
0.56 1.2102
0.57 1.2663
0.58 1.3526
0.59 1.3781
0.6 1.4312
0.61 1.5582
0.62 1.5299
0.63 1.8061
0.64 1.704
0.65 1.9418
0.66 1.7797
0.67 1.9298
0.68 1.9999
0.69 1.9323
0.7 2.0934
0.71 2.2035
0.72 2.2117
0.73 2.4246
0.74 2.5536
0.75 2.4831
0.76 2.6496
0.77 2.5778
0.78 2.7735
0.79 2.7651
0.8 3.0995
0.81 3.1075
0.82 3.2242
0.83 3.2007
0.84 3.1739
0.85 3.2592
0.86 3.422
0.87 3.5127
0.88 3.8709
0.89 3.7402
0.9 3.9865
0.91 3.9522
0.92 4.0631
0.93 4.0704
0.94 4.0783
0.95 4.2301
0.96 4.2232
0.97 4.3323
0.98 4.3993
0.99 4.5131
