0.01 0.0003
0.02 0.0003
0.03 0.001
0.04 0.0022
0.05 0.0032
0.06 0.0034
0.07 0.0062
0.08 0.0072
0.09 0.0097
0.1 0.0098
0.11 0.0117
0.12 0.014
0.13 0.016
0.14 0.0214
0.15 0.0253
0.16 0.0271
0.17 0.0333
0.18 0.0397
0.19 0.0462
0.2 0.0521
0.21 0.0575
0.22 0.0575
0.23 0.0667
0.24 0.0711
0.25 0.0796
0.26 0.093
0.27 0.1021
0.28 0.111
0.29 0.1212
0.3 0.1324
0.31 0.15
0.32 0.1598
0.33 0.1769
0.34 0.1881
0.35 0.2001
0.36 0.2254
0.37 0.2085
0.38 0.2131
0.39 0.2248
0.4 0.247
0.41 0.2677
0.42 0.2702
0.43 0.2985
0.44 0.3365
0.45 0.3614
0.46 0.366
0.47 0.3992
0.48 0.4964
0.49 0.46
0.5 0.4737
0.51 0.4589
0.52 0.6344
0.53 0.5951
0.54 0.6312
0.55 0.7129
0.56 0.6762
0.57 0.7011
0.58 0.7851
0.59 0.7979
0.6 0.8352
0.61 0.9492
0.62 0.9289
0.63 1.1615
0.64 1.0694
0.65 1.2783
0.66 1.1275
0.67 1.261
0.68 1.3129
0.69 1.2537
0.7 1.411
0.71 1.5014
0.72 1.5102
0.73 1.7106
0.74 1.8245
0.75 1.7632
0.76 1.9011
0.77 1.8256
0.78 2.0168
0.79 2.0145
0.8 2.3153
0.81 2.3264
0.82 2.4352
0.83 2.408
0.84 2.3905
0.85 2.4682
0.86 2.6184
0.87 2.6979
0.88 3.0434
0.89 2.9218
0.9 3.1663
0.91 3.133
0.92 3.2324
0.93 3.2421
0.94 3.2556
0.95 3.3925
0.96 3.3874
0.97 3.4945
0.98 3.5635
0.99 3.6806
