0.01 1.16601429084861
0.02 3.350385397834
0.03 4.07755399519214
0.04 4.75789645501104
0.05 5.64869587006994
0.06 4.75057109420867
0.07 5.60614075228814
0.08 6.11408825207285
0.09 7.31938365437324
0.1 7.3557038451365
0.11 7.93010996388409
0.12 8.48273700492284
0.13 8.95763656560619
0.14 8.88507058552399
0.15 7.62415582231281
0.16 8.19322147843031
0.17 8.46014089989665
0.18 9.07842196554067
0.19 9.06299407679941
0.2 10.6959352962684
0.21 10.6402090296485
0.22 10.2042141190525
0.23 9.85115320240946
0.24 11.1709642667217
0.25 11.5897189492781
0.26 6.69375372134144
0.27 6.6477067795147
0.28 6.01466898771329
0.29 7.12178788045224
0.3 9.20943527888717
0.31 9.4308972365948
0.32 9.10818951394638
0.33 10.1671137330066
0.34 9.78815965868111
0.35 8.5221920250793
0.36 8.8560886600143
0.37 8.50830121268991
0.38 10.0003851915747
0.39 10.1974968386982
0.4 10.0439722402282
0.41 11.195382213883
0.42 8.9957904759963
0.43 6.21551395163181
0.44 7.61116237574515
0.45 12.1048768296769
0.46 6.54371841450376
0.47 10.0155703621617
0.48 8.96637448060007
0.49 1.93522805900671
0.5 14.3257059220664
0.51 6.18414048189088
0.52 8.90655889240679
0.53 8.87003648010901
0.54 2.72366042093994
0.55 9.53323169474232
0.56 6.29316926450355
0.57 2.31047058922663
0.58 0.595176028366121
0.59 2.23806316532863
0.6 7.89275306432455
0.61 7.94773716454642
0.62 6.94509802552285
0.63 4.44418206064272
0.64 0.172964924345124
0.65 1.03273718058447
0.66 9.91495030566312
0.67 1.1300139831939
0.68 1.08034541206075
0.69 7.89639549118854
0.7 10.094011030011
0.71 1.96734543466457
0.72 10.4863813702314
0.73 1.98669199202764
0.74 0.252157682370393
0.75 2.69580435821932
0.76 2.050322009413
0.77 4.98632932556769
0.78 4.92157131027929
0.79 7.9587175669336
0.8 11.3380267692669
0.81 7.59673560543782
0.82 9.79151931592356
0.83 4.42921438289762
0.84 6.92458736382449
0.85 9.95861489613131
0.86 0.197218638374523
0.87 6.48097781677897
0.88 0.467932708901056
0.89 4.87403882897729
0.9 0.786358777455351
0.91 1.37912739216614
0.92 0.373142140115365
0.93 5.48736773751317
0.94 0.566675968461562
0.95 4.08909378801553
0.96 2.63503231127404
0.97 1.08198563338285
0.98 0.426128182423064
0.99 7.84501756150763
