0.01 98.0168059410121
0.02 84.3465058168962
0.03 82.4287575666168
0.04 83.3460247142369
0.05 82.9270273080106
0.06 79.957960333178
0.07 78.3703248023556
0.08 76.7699632489025
0.09 78.9540229073464
0.1 72.4881583369846
0.11 70.8900173999194
0.12 69.0702027673102
0.13 67.8021664215763
0.14 64.9627700478945
0.15 57.5078212405506
0.16 56.3172536650879
0.17 54.8194775731306
0.18 54.8334591333569
0.19 51.1342369538755
0.2 51.4833207935423
0.21 55.1391020814383
0.22 51.0536262826173
0.23 47.8164773841599
0.24 50.0351153507796
0.25 49.4456156769179
0.26 32.8884617954323
0.27 31.7777448303368
0.28 28.7549567909953
0.29 30.3403861156964
0.3 33.5529398210839
0.31 32.8662106759489
0.32 31.3832173940638
0.33 32.8362842779167
0.34 30.2424310976564
0.35 25.4787112085522
0.36 25.7941222010685
0.37 24.1548043234576
0.38 27.4541363858822
0.39 27.1848659647081
0.4 25.4950503535442
0.41 27.1551321503393
0.42 21.4225650429464
0.43 15.2155761460641
0.44 17.5295127271434
0.45 25.8342237405651
0.46 13.7834965347573
0.47 20.9238859238551
0.48 19.1179289838529
0.49 5.63067464740136
0.5 27.7524542204187
0.51 11.6202017363683
0.52 17.9939293845904
0.53 16.9445645452085
0.54 6.69628276285551
0.55 16.2838634370068
0.56 11.9858416237083
0.57 4.56359256801461
0.58 0.548284959722987
0.59 4.10218253091019
0.6 13.3630225224118
0.61 13.4568929925722
0.62 10.9322711669671
0.63 7.17770081705366
0.64 0.176232132880076
0.65 1.77093329259944
0.66 15.2453624737079
0.67 1.37066810722957
0.68 1.82375591272655
0.69 11.0735329015633
0.7 14.5670650728805
0.71 2.0810329962409
0.72 14.3758711503436
0.73 2.81593267671948
0.74 0.528360407589314
0.75 3.63094007351521
0.76 2.48692330352606
0.77 6.23570383744477
0.78 6.18455088326211
0.79 10.0547361260041
0.8 13.8996526033823
0.81 8.92293792352154
0.82 11.541591512021
0.83 5.29214168556238
0.84 7.88026636749479
0.85 11.8758159894764
0.86 0.474129394505236
0.87 7.68271096291564
0.88 0.629573145970492
0.89 5.99474809332281
0.9 1.06785801474526
0.91 1.80008299587572
0.92 1.07235557257741
0.93 5.56470974682446
0.94 1.11362757682465
0.95 3.78894988485558
0.96 3.46172489053495
0.97 1.91782744578353
0.98 0.289561641573599
0.99 9.23122163415533
