0.01 3.95000000000105
0.02 0.45000000000061
0.03 2.3533333333321
0.04 3.76000000000077
0.05 2.14999999999923
0.06 7.00333333333257
0.07 5.09000000000012
0.08 3.15500000000052
0.09 2.42555555555546
0.1 1.4300000000001
0.11 0.974545454545067
0.12 0.41333333333306
0.13 2.49307692307702
0.14 0.424285714285963
0.15 5.11666666666674
0.16 5.21000000000026
0.17 5.41000000000089
0.18 3.45666666666912
0.19 4.66052631579612
0.2 2.16000000001798
0.21 2.98047619043144
0.22 0.337272727157503
0.23 1.00391304375848
0.24 3.06833333271161
0.25 3.33999999861555
0.26 8.72307692644376
0.27 8.33740741444788
0.28 9.08000001446969
0.29 6.84275864888545
0.3 0.100000051307024
0.31 0.128064418911265
0.32 0.852500182563591
0.33 1.55060573567894
0.34 0.514705294727859
0.35 5.8200010991609
0.36 4.14222409323234
0.37 4.39270589618467
0.38 0.505268315780669
0.39 1.74306858233917
0.4 2.57498650288819
0.41 4.60705187636569
0.42 0.409083297507805
0.43 4.62819802897739
0.44 2.32736174010954
0.45 3.70098215137374
0.46 5.28847572708702
0.47 0.0439475242091158
0.48 0.744543120295313
0.49 6.99664796155722
0.5 8.74908625121009
0.51 2.73816480188739
0.52 2.64102621489464
0.53 1.69608899910812
0.54 5.53193885834788
0.55 3.03139352658268
0.56 0.135082601318387
0.57 5.94341616926991
0.58 9.13096754810252
0.59 6.22084155469379
0.6 2.70345122357923
0.61 5.13292147957936
0.62 1.59823139545426
0.63 1.9854484876124
0.64 7.19084985958257
0.65 4.20190627715191
0.66 7.27470404633793
0.67 4.06654861808849
0.68 7.088738273722
0.69 4.14193827380453
0.7 9.10137661300524
0.71 7.1629241014858
0.72 9.49778081016972
0.73 0.0504008865392021
0.74 3.56756045066395
0.75 5.61930015450395
0.76 0.432345285185565
0.77 2.01078186305074
0.78 4.48606338482448
0.79 7.33136415494945
0.8 9.8095801861037
0.81 6.3958184956188
0.82 9.85338444200697
0.83 5.25067262591155
0.84 6.83225196571421
0.85 9.49784849483622
0.86 1.11484657262645
0.87 4.69718201596664
0.88 1.24196693267958
0.89 3.62153637680159
0.9 2.12601807860542
0.91 2.82328516343806
0.92 0.0572369497987583
0.93 9.97744245801131
0.94 2.87901698118601
0.95 7.5774461233246
0.96 1.21757591946662
0.97 3.37567460804283
0.98 5.40036090921625
0.99 3.97163478754309
