0.01 100
0.02 243.000000000103
0.03 115.555555555647
0.04 37.9999999999724
0.05 33.0000000000213
0.06 25.3333333333187
0.07 13.8775510204098
0.08 12.125000000007
0.09 2.25925925926036
0.1 6.20000000000105
0.11 5.91735537189715
0.12 5.72222222222456
0.13 1.15976331361029
0.14 0.479591836732959
0.15 13.7111111111116
0.16 8.28125000000169
0.17 8.27335640138946
0.18 5.79012345680409
0.19 7.25207756236273
0.2 8.40000000009538
0.21 9.71428571408746
0.22 0.727272726751095
0.23 4.2192816647732
0.24 4.076388886324
0.25 7.59999999470621
0.26 21.9467455766546
0.27 19.8641975597144
0.28 21.6836735270363
0.29 16.4197385126007
0.3 2.51111128625397
0.31 2.09989626232906
0.32 3.26171933413989
0.33 1.8686858872405
0.34 0.484430811411117
0.35 11.7469420918659
0.36 7.11111645652497
0.37 8.23667805038016
0.38 0.688352238785247
0.39 4.87045924160071
0.4 5.08746712740846
0.41 7.41101443151823
0.42 0.217771861690203
0.43 8.51285065616482
0.44 4.42169404571736
0.45 5.86144824721986
0.46 11.1649543984877
0.47 0.189477351740897
0.48 2.90531888853125
0.49 12.2397960006808
0.5 14.5382884437578
0.51 4.91687909168608
0.52 6.0908706276945
0.53 1.74449250255447
0.54 7.4049739843266
0.55 4.05388606986359
0.56 0.0588093941369663
0.57 9.64695927075081
0.58 14.0839221887493
0.59 9.6381787717987
0.6 3.70626535318741
0.61 6.50801314103342
0.62 2.48963098285836
0.63 2.35022872286537
0.64 10.1681124288356
0.65 6.31139859203715
0.66 10.7896683350564
0.67 5.73705809121033
0.68 9.63308644626647
0.69 6.17708448365702
0.7 12.3580196648796
0.71 9.22141429220898
0.72 12.9719118118394
0.73 0.00248802961886453
0.74 4.3652727329111
0.75 7.03046732709271
0.76 0.794910623033482
0.77 2.62439393932165
0.78 5.67773009042075
0.79 9.32340655183826
0.8 12.1752482772262
0.81 7.32138941015798
0.82 11.5360799860941
0.83 6.20759637836746
0.84 7.79670841890615
0.85 11.283448288519
0.86 1.18567322946276
0.87 5.78263815793171
0.88 1.32394724324373
0.89 4.62568804259113
0.9 2.12844861176038
0.91 2.82143381263478
0.92 0.680171069171465
0.93 10.7410950347754
0.94 2.70482075144145
0.95 7.77711716148359
0.96 0.693704113645105
0.97 2.99242726118895
0.98 5.19295207010351
0.99 5.3685627509446
