0.01 0.754313626328022
0.02 1.89011013041311
0.03 2.66585772875131
0.04 3.57796038365558
0.05 4.34378553293176
0.06 5.0188061805139
0.07 5.66138692428348
0.08 6.37161111763426
0.09 6.83332526185891
0.1 7.30725303074527
0.11 7.98197246131286
0.12 8.34947150667915
0.13 8.7532418303318
0.14 9.03494444893781
0.15 9.4618856916829
0.16 9.86668855033906
0.17 10.0839125378826
0.18 10.2218508011602
0.19 10.4301339098093
0.2 10.850126149445
0.21 10.9261939086188
0.22 11.050152540139
0.23 11.1940811644027
0.24 11.3256367285334
0.25 11.2087037053905
0.26 11.3059073164569
0.27 11.4531149912564
0.28 11.1692505609328
0.29 11.0074218196106
0.3 11.2273705415516
0.31 11.5312386870037
0.32 11.0517091804659
0.33 11.1183625804569
0.34 10.7956851438454
0.35 10.9475723993987
0.36 11.0069239796655
0.37 11.1780103370487
0.38 10.6186596544117
0.39 10.2485817307849
0.4 9.97889286916133
0.41 10.2506993168262
0.42 9.93625971578748
0.43 9.6236107559298
0.44 9.49553066693303
0.45 9.32483716454746
0.46 8.60525768177586
0.47 9.37511062039402
0.48 9.0116046790445
0.49 9.08554699987363
0.5 8.35287248689249
0.51 7.39162643908015
0.52 7.65827096808024
0.53 7.63071060634861
0.54 7.32728914633821
0.55 7.27261437752385
0.56 7.29232410386981
0.57 6.9678849702413
0.58 6.78007342908369
0.59 6.42942987262519
0.6 5.88298992253813
0.61 5.94162263171123
0.62 5.83934163074942
0.63 5.54683778864728
0.64 5.41383530349394
0.65 4.62753025173854
0.66 3.89114089607259
0.67 4.21164113575087
0.68 3.36324745040899
0.69 2.71072756520663
0.7 3.42329628194715
0.71 3.92767124691653
0.72 4.4324110983863
0.73 3.96459577302301
0.74 2.02345191347897
0.75 2.1430579759745
0.76 3.01194848723103
0.77 1.55402744948923
0.78 2.85519686457188
0.79 2.28124282759573
0.8 1.21576412965915
0.81 1.03965253953529
0.82 2.81968662856819
0.83 0.133460888168079
0.84 1.54756519982413
0.85 0.399075896153323
0.86 0.0173457260696281
0.87 1.81316648951524
0.88 5.11736117917198
0.89 1.94903406103663
0.9 1.98913534861794
0.91 1.90684542029651
0.92 1.55326770796636
0.93 0.689952391721582
0.94 0.0363727416610469
0.95 0.383299984080749
0.96 0.3187622935887
0.97 2.94420797303793
0.98 17.3450886815613
0.99 17.6639932993108
