0.01 97.3094106891961
0.02 94.2662156176138
0.03 91.4356551229906
0.04 88.8615594500153
0.05 85.5239609799489
0.06 83.1108402092692
0.07 80.6777253651411
0.08 78.5633388097366
0.09 75.9695474630738
0.1 73.2944012015314
0.11 71.9179335002944
0.12 69.2107231523666
0.13 66.918872459503
0.14 64.5534706793946
0.15 62.8951331060944
0.16 61.2358572889294
0.17 58.758364101875
0.18 56.7087616402729
0.19 55.2117348181245
0.2 53.6561303346436
0.21 51.7020638681749
0.22 49.9104569187507
0.23 48.7413456638339
0.24 46.8514946252559
0.25 45.0308610330366
0.26 43.329418918678
0.27 42.0499218702687
0.28 40.1664691762722
0.29 38.2821425907594
0.3 37.1761452491923
0.31 36.7787193147514
0.32 34.6840382512132
0.33 33.7355253397944
0.34 32.1599256649296
0.35 31.466658553639
0.36 30.6247907675083
0.37 29.9622681700582
0.38 27.8070569468557
0.39 26.2490706874166
0.4 24.8274970743442
0.41 25.0892661791318
0.42 23.6300050824384
0.43 22.4646800894281
0.44 21.5815675053292
0.45 20.7956488543343
0.46 18.9587724589074
0.47 20.0001066423368
0.48 18.6568641145081
0.49 18.4629305348193
0.5 16.7074918793404
0.51 14.6725238790058
0.52 14.7423355764984
0.53 14.4496201579965
0.54 13.6132586197072
0.55 13.246872963175
0.56 12.9983002343332
0.57 12.2781981453195
0.58 11.7360714433861
0.59 10.9364021809525
0.6 9.87656584113492
0.61 9.75705015637252
0.62 9.46448267570834
0.63 8.88637994058818
0.64 8.44196231010098
0.65 7.17673031917816
0.66 6.02945419478537
0.67 6.36129782390237
0.68 5.0151026328318
0.69 3.95042232529762
0.7 4.90857925520964
0.71 5.46789937902391
0.72 6.08885509530587
0.73 5.39458212227148
0.74 2.70600513577651
0.75 2.85413513787767
0.76 3.90658925385615
0.77 2.03652728029057
0.78 3.66650434228404
0.79 2.87564122801428
0.8 1.49721205659416
0.81 1.27684955127177
0.82 3.42175303017775
0.83 0.149918613913964
0.84 1.83084175072785
0.85 0.459145070882432
0.86 0.00706288586400698
0.87 2.07659451992709
0.88 5.79249951866911
0.89 2.19340668343351
0.9 2.20215685797468
0.91 2.07574719224676
0.92 1.68431590581689
0.93 0.744197499974819
0.94 0.0327830754161813
0.95 0.399168379306902
0.96 0.330578189487838
0.97 3.03539342917186
0.98 17.6969200191002
0.99 17.842736324719
