0.01 0.197900000001005
0.02 0.3878999999994
0.03 0.5437333333346
0.04 0.163999999999208
0.05 0.299100000000804
0.06 0.0347999999992995
0.07 0.164499999999888
0.08 0.304150000000507
0.09 0.119211111111013
0.1 0.180800000000101
0.11 0.489909090909466
0.12 0.298199999999733
0.13 0.10621538461528
0.14 0.191471428571666
0.15 0.216799999999931
0.16 0.473124999999751
0.17 0.0274764705883672
0.18 0.111977777777883
0.19 0.0149631578946976
0.2 0.249200000000005
0.21 0.270776190476356
0.22 0.108945454545436
0.23 0.430630434782721
0.24 0.22561666666682
0.25 0.186200000000098
0.26 0.103130769230666
0.27 0.144111111111078
0.28 2.85714285373574E-05
0.29 0.727944827586234
0.3 0.555466666666568
0.31 0.243361290322673
0.32 0.268337499999935
0.33 0.205809090909054
0.34 0.211294117646895
0.35 0.0420714285715233
0.36 0.395199999999996
0.37 0.892656756756874
0.38 0.103078947368373
0.39 0.282279487179475
0.4 0.75094999999995
0.41 0.40569756097572
0.42 0.0608904761905026
0.43 0.233041860465075
0.44 0.196727272727227
0.45 0.0250777777776736
0.46 0.732304347825957
0.47 0.61462553191505
0.48 0.17711666666677
0.49 0.384510204081717
0.5 0.0445000000001138
0.51 1.04607058823522
0.52 0.491692307692249
0.53 0.124632075471621
0.54 0.192770370370276
0.55 0.183618181818334
0.56 0.515371428571534
0.57 0.480800000000132
0.58 0.371655172413933
0.59 0.386886440678071
0.6 0.0831999999998611
0.61 0.0887770491804592
0.62 0.498777419354964
0.63 0.657349206349341
0.64 0.43626250000012
0.65 0.30273076923061
0.66 0.756784848484712
0.67 0.0602358208953458
0.68 0.811999999999811
0.69 1.26868840579689
0.7 0.143085714285521
0.71 0.539598591549493
0.72 1.13211666666687
0.73 0.941031506849543
0.74 1.1004027027025
0.75 0.463733333333093
0.76 0.462526315789712
0.77 0.982097402597151
0.78 0.962233333333606
0.79 0.334053164557259
0.8 0.817599999999683
0.81 0.839802469135481
0.82 1.51442682926864
0.83 1.56338674698757
0.84 0.237428571428954
0.85 0.680176470587822
0.86 0.943565116278613
0.87 2.88325517241332
0.88 4.71518636363687
0.89 1.60045168539383
0.9 1.34557777777843
0.91 2.18936263736191
0.92 1.90612173912961
0.93 1.13271827956894
0.94 0.00596382978614572
0.95 0.430552631577629
0.96 0.295191666665017
0.97 3.02498556700803
0.98 17.4479897959145
0.99 17.7852333333388
