0.01 2.97999999990299
0.02 2.48999999997074
0.03 0.521111111069111
0.04 1.78000000001965
0.05 2.06800000001634
0.06 2.04222222221031
0.07 0.421020408164694
0.08 0.0793749999937537
0.09 1.00999999999888
0.1 1.25900000000101
0.11 1.71752066116043
0.12 0.0450000000022202
0.13 0.12721893491041
0.14 0.12591836734866
0.15 0.122444444444887
0.16 1.49031249999846
0.17 0.573598615916192
0.18 0.62969135802525
0.19 0.123185595568088
0.2 0.472
0.21 0.356099773243377
0.22 0.23805785123975
0.23 1.5084120982991
0.24 0.450555555556181
0.25 0.431600000000411
0.26 0.262011834319146
0.27 0.287407407407274
0.28 0.293979591836639
0.29 1.11885850178368
0.3 1.29233333333298
0.31 0.432497398543488
0.32 0.50851562499976
0.33 0.519072543617883
0.34 0.482145328719816
0.35 0.190775510204378
0.36 0.753086419753099
0.37 1.39740686632609
0.38 0.474778393351628
0.39 0.704543063773828
0.4 1.35349999999988
0.41 0.559904818560318
0.42 0.0259523809524525
0.43 0.320924824229228
0.44 0.628181818181735
0.45 0.0339012345681167
0.46 1.23034971644608
0.47 1.13832503395209
0.48 0.256822916666864
0.49 0.849500208246734
0.5 0.0709999999997989
0.51 1.7289734717415
0.52 0.743195266272071
0.53 0.0156318974722501
0.54 0.232359396433285
0.55 0.339057851239799
0.56 0.801607142857314
0.57 0.766217297630135
0.58 0.621932223543529
0.59 0.526768170066256
0.6 0.0425555555553359
0.61 0.17467347487255
0.62 0.762169614984583
0.63 0.95168052406168
0.64 0.642724609375189
0.65 0.329715976331123
0.66 1.0157483930209
0.67 0.0255067943860068
0.68 1.11522491349452
0.69 1.74517748372165
0.7 0.241632653060999
0.71 0.673417972624739
0.72 1.48812500000025
0.73 1.26902045411924
0.74 1.4474799123445
0.75 0.668533333333025
0.76 0.586980609418583
0.77 1.18549165120561
0.78 1.19197567389906
0.79 0.404311809005307
0.8 1.00556249999962
0.81 1.03630086876959
0.82 1.83104104699622
0.83 1.84712585280839
0.84 0.300317460317908
0.85 0.785550173009892
0.86 1.05249594375287
0.87 3.2725221297392
0.88 5.31976756198403
0.89 1.77541598283108
0.9 1.48992592592661
0.91 2.39260113512781
0.92 2.0723156899802
0.93 1.21560527228481
0.94 0.0171276595732976
0.95 0.451745152353189
0.96 0.309101562498286
0.97 3.11595918800913
0.98 17.8010516451439
0.99 17.9631231507044
