0.01 91.2997901502333
0.02 92.6688161988861
0.03 89.6828012715475
0.04 87.5431145022722
0.05 83.8542839414919
0.06 86.314264702705
0.07 79.9379822438455
0.08 77.3031658946311
0.09 74.053063767836
0.1 76.213052733172
0.11 75.5161015469301
0.12 73.4948293577741
0.13 72.6316128399503
0.14 67.8116003905882
0.15 64.9156668495202
0.16 64.494910168479
0.17 60.886556264258
0.18 57.4174449350555
0.19 55.935342028229
0.2 54.2603312384172
0.21 50.6815800977161
0.22 48.522830291939
0.23 44.7779718544558
0.24 45.1787961060134
0.25 44.0916082258587
0.26 43.6507041667179
0.27 41.9108384651234
0.28 40.4573372229731
0.29 37.9325306490935
0.3 36.7139693427863
0.31 33.2696143191415
0.32 30.8420021272775
0.33 30.6700592994583
0.34 29.0965541548361
0.35 28.2508277504904
0.36 22.7795043033223
0.37 31.6096405532139
0.38 33.0789555694032
0.39 32.8567981053651
0.4 29.47867729939
0.41 26.915896580814
0.42 28.9252535082541
0.43 27.0064277737558
0.44 22.1932859706513
0.45 18.9584509233477
0.46 22.4266476243731
0.47 19.7876607342197
0.48 8.37902023493734
0.49 18.3146946309804
0.5 17.6840849360413
0.51 22.7956779461908
0.52 6.14012343013779
0.53 11.6538998020247
0.54 11.0845248070977
0.55 7.26271080398546
0.56 14.1279561972551
0.57 15.5475945002469
0.58 7.62909319995148
0.59 11.2690930088645
0.6 11.3390324504844
0.61 3.9930240086746
0.62 11.274758200814
0.63 5.84841128820699
0.64 4.70253868011943
0.65 7.8076468603475
0.66 7.86855233084578
0.67 3.08494399165449
0.68 3.46183933845279
0.69 8.67929658282484
0.7 5.05286292088956
0.71 0.471175224500319
0.72 3.64208835087133
0.73 4.1965046517233
0.74 6.53683847026347
0.75 1.36679500744048
0.76 2.61909025627299
0.77 2.74808970833318
0.78 4.41211958478185
0.79 0.397950877601932
0.8 8.61903294014868
0.81 8.98492436813171
0.82 5.4823398137206
0.83 3.78759679520629
0.84 1.11038314328755
0.85 0.478918412625534
0.86 2.36735745929634
0.87 0.81700795579816
0.88 8.36147401350339
0.89 3.1682742067784
0.9 7.94043591891486
0.91 4.89790067229544
0.92 5.55940770451385
0.93 3.08822817227503
0.94 3.96188927096742
0.95 3.13998605112757
0.96 2.12652455157301
0.97 1.5680781150213
0.98 1.55371820334242
0.99 2.45475612038977
