0.01 1.17781562115974
0.02 1.09711701477346
0.03 1.92635502628777
0.04 2.82067168375689
0.05 3.43690338856464
0.06 6.33975249882786
0.07 7.1535655286198
0.08 7.62184511265549
0.09 8.01918848643478
0.1 6.94899118621953
0.11 7.87396422739473
0.12 8.26411073722898
0.13 8.84492166889035
0.14 9.38582894671886
0.15 9.59823744384805
0.16 10.5095662984454
0.17 10.3037549955824
0.18 10.9177072931446
0.19 11.0377337403974
0.2 11.0975901192632
0.21 10.9332176335305
0.22 10.0556491812822
0.23 9.50655952949081
0.24 9.66678025862288
0.25 9.94129544575657
0.26 11.9504360271028
0.27 11.7973300964743
0.28 11.8226541050777
0.29 11.1855408524189
0.3 11.4211882494721
0.31 9.88277050928042
0.32 10.228812421298
0.33 10.4172358669494
0.34 10.1951236209572
0.35 9.96708525136388
0.36 7.90700865606395
0.37 11.2760677234262
0.38 12.5218326273702
0.39 12.871149554983
0.4 12.5703381925192
0.41 11.771525008993
0.42 13.0340117533065
0.43 12.28765599826
0.44 9.12224743534402
0.45 7.84777453747473
0.46 10.0423152756051
0.47 8.83869488416565
0.48 3.57402784331079
0.49 9.18176737224731
0.5 9.10869134941093
0.51 12.0963872482366
0.52 2.2816080771726
0.53 5.77792473271253
0.54 5.27445292489256
0.55 3.40473578114486
0.56 8.67412762386105
0.57 9.11414725288136
0.58 4.15164979726636
0.59 6.82083768723916
0.6 6.80200913214572
0.61 2.07595526371275
0.62 7.71109687106499
0.63 3.76408507004019
0.64 3.43045223038383
0.65 5.35105391876303
0.66 5.45614137001014
0.67 2.54360433475967
0.68 2.48981399417172
0.69 6.1059902441744
0.7 4.38272650022971
0.71 0.90307449837633
0.72 3.50432040334138
0.73 2.57722608614531
0.74 4.10950681420944
0.75 2.07457568375577
0.76 1.29034424519412
0.77 2.71885378415436
0.78 2.64745116354325
0.79 1.55331080682119
0.8 5.92601268727247
0.81 6.35148848526195
0.82 3.11858830975177
0.83 1.80170230494313
0.84 2.55628344839846
0.85 2.16806867591605
0.86 0.119491840084355
0.87 1.08829060074289
0.88 5.08816459458928
0.89 0.565536997294331
0.9 4.80442450629112
0.91 1.71431840450533
0.92 2.57999901520598
0.93 0.272388085181977
0.94 1.09134235618904
0.95 0.238097769841311
0.96 0.715488359537861
0.97 1.53531030273355
0.98 1.7328736596883
0.99 1.17845730364888
