0.01 197.000000000297
0.02 26.499999999978
0.03 7.77777777782328
0.04 32.0000000003696
0.05 21.6000000024685
0.06 11.2222222129602
0.07 17.6734694363331
0.08 3.50000014057499
0.09 8.97530906458694
0.1 11.7999991268191
0.11 13.9421467737466
0.12 14.444440171228
0.13 17.6331277356659
0.14 6.10202246363828
0.15 4.42218786721752
0.16 11.0780685374226
0.17 4.36321825266558
0.18 0.47548841279981
0.19 3.66234790602716
0.2 4.20046948564574
0.21 3.00524611986781
0.22 7.33375087246099
0.23 2.91156231992014
0.24 6.18542805692029
0.25 4.47699377064032
0.26 1.80923330662122
0.27 2.24631577782954
0.28 1.94731680327439
0.29 2.33264075860554
0.3 2.99338739052886
0.31 7.72192951454498
0.32 6.14512277887212
0.33 8.87378804594777
0.34 7.44009406657895
0.35 6.23537779752532
0.36 11.3882836519635
0.37 3.96390676112618
0.38 8.39955463779594
0.39 9.71707266677022
0.4 7.21446032790044
0.41 5.84216778306481
0.42 10.9276096122445
0.43 7.68906679581261
0.44 2.29321338664691
0.45 1.39047984074676
0.46 6.08279251045885
0.47 3.59174025262248
0.48 12.9085571252281
0.49 1.38951358508862
0.5 4.23072592592597
0.51 12.4460521340845
0.52 14.294246463808
0.53 1.30151844922035
0.54 1.58111885556106
0.55 8.52877439648462
0.56 2.56650745405695
0.57 4.33043831534035
0.58 1.51303373558501
0.59 2.18847960941275
0.6 2.87773693189394
0.61 4.76496677998383
0.62 2.63503964476886
0.63 15.6848476026095
0.64 1.26809981247813
0.65 15.158586252661
0.66 3.3121945233502
0.67 2.9977269184134
0.68 2.20520997409023
0.69 6.9232355918598
0.7 0.031161941991567
0.71 1.58140643924118
0.72 2.35966152764584
0.73 5.76056919331487
0.74 7.94681950161965
0.75 0.097814401262273
0.76 3.23073027232155
0.77 4.92426057364087
0.78 0.814345696288461
0.79 3.26955565990986
0.8 6.87738320431418
0.81 3.32289765919333
0.82 4.14437297560386
0.83 0.75565151993869
0.84 4.97265961619528
0.85 5.28565227123897
0.86 2.92348634116617
0.87 3.28019665925461
0.88 5.59161716304816
0.89 1.80905761237703
0.9 3.15560436186439
0.91 0.964876712486397
0.92 0.777842726579351
0.93 3.27714720562775
0.94 5.5255285939342
0.95 4.16099373395692
0.96 6.76427386429236
0.97 6.21261870082324
0.98 6.66922550576311
0.99 5.85538472265388
