0.01 3.95000000000105
0.02 2.97999999999941
0.03 2.67666666666544
0.04 1.59999999998898
0.05 2.90999999990146
0.06 2.3033333339737
0.07 1.23714286006836
0.08 0.855000010958597
0.09 3.4366667027686
0.1 0.170000099168398
0.11 0.724545202458135
0.12 1.07333274040626
0.13 2.02461409202021
0.14 1.60285992306596
0.15 1.37667213257341
0.16 1.56248999925362
0.17 0.155863975605325
0.18 2.72781086190047
0.19 2.99795100235764
0.2 2.96009277940088
0.21 2.8882443727232
0.22 0.443409489945477
0.23 1.53992150329112
0.24 0.827201103611154
0.25 1.31079709460763
0.26 0.098852035328993
0.27 0.119803435576082
0.28 0.288066923757295
0.29 1.04366484706995
0.3 0.991258518075734
0.31 4.01840646322086
0.32 3.19869114779005
0.33 4.14599821015902
0.34 3.53845899026595
0.35 3.61186477256666
0.36 6.26735289167746
0.37 0.563079774790578
0.38 3.43444162120845
0.39 4.38110260163433
0.4 4.02357575444571
0.41 3.12682568233384
0.42 5.50892888219758
0.43 3.69856534941674
0.44 0.509661809745927
0.45 0.489414948930017
0.46 3.82543886033997
0.47 2.55323038253075
0.48 7.44330471100804
0.49 1.1063282190342
0.5 2.93841846758361
0.51 7.52648983407562
0.52 7.76157148739395
0.53 0.165181223140893
0.54 0.83734191382062
0.55 4.61716788892288
0.56 3.49373618051015
0.57 2.80426662714869
0.58 0.0589792381075986
0.59 1.96710141367947
0.6 1.96904493997788
0.61 2.7817384956983
0.62 2.80420658859859
0.63 10.5310247820024
0.64 0.471179468739124
0.65 10.3273848074937
0.66 2.54223139363875
0.67 1.87410430719258
0.68 1.79822942707479
0.69 5.13770932920653
0.7 0.854385324544111
0.71 0.707194603463245
0.72 2.42629756800983
0.73 3.28755703379066
0.74 5.07845805641752
0.75 1.26549837600361
0.76 1.8449095649177
0.77 4.17646653495965
0.78 0.252074051123872
0.79 3.74196917029043
0.8 4.48994009234568
0.81 1.49980531990304
0.82 2.08680992107439
0.83 1.70850483100041
0.84 5.41459832704668
0.85 5.69283386901332
0.86 3.80219837025171
0.87 4.00879439645116
0.88 2.88827210794855
0.89 3.24477118714101
0.9 0.429768401620527
0.91 2.97835741749193
0.92 2.74406956357361
0.93 4.94046787978863
0.94 7.01572189014877
0.95 5.78402180596968
0.96 8.0545187917147
0.97 7.74451584278852
0.98 8.3123952254253
0.99 7.88684385649656
