0.01 97.2648938068345
0.02 94.7957320505684
0.03 91.9947544197303
0.04 88.5839504112617
0.05 84.8700659488229
0.06 84.1943341987951
0.07 82.0212512323008
0.08 78.4467498740751
0.09 73.9741633254735
0.1 74.7244692412723
0.11 73.1215084045784
0.12 69.6003502855095
0.13 66.969227234035
0.14 64.8745703623762
0.15 63.1735849066935
0.16 61.1729600597788
0.17 57.0066476161716
0.18 55.8814349569444
0.19 55.1462435604868
0.2 55.143328228394
0.21 51.4838565624907
0.22 50.6132432073907
0.23 46.2755922740248
0.24 46.890230416157
0.25 43.8194810765079
0.26 42.1418847205346
0.27 42.0086511069348
0.28 40.2664977772058
0.29 40.4371457217628
0.3 37.5616031937057
0.31 36.9588186391546
0.32 35.7369892569339
0.33 33.4640600453709
0.34 34.8653870476402
0.35 28.4837992137136
0.36 30.2132801879986
0.37 28.625390701905
0.38 27.7779268803789
0.39 27.2914910297635
0.4 25.3346503134645
0.41 26.1420350528195
0.42 22.5647644270613
0.43 19.6761570996081
0.44 23.4723189485382
0.45 22.8733290555624
0.46 20.7136298675141
0.47 15.891795114515
0.48 18.7555457080536
0.49 17.5098750587804
0.5 15.6323759622822
0.51 17.6353548871917
0.52 15.2228184479802
0.53 11.3058923852937
0.54 10.8134336766336
0.55 11.5296586942515
0.56 14.6875221559071
0.57 11.5481524598865
0.58 11.6225050936327
0.59 10.2130078274338
0.6 7.33202273517493
0.61 8.56457487321527
0.62 8.52424646200155
0.63 9.21463453399902
0.64 7.06896618294312
0.65 11.8100881871045
0.66 7.52574755380559
0.67 4.56343578878917
0.68 5.22436676308696
0.69 0.272239356660875
0.7 3.07014464332241
0.71 7.88240809464337
0.72 1.8477930549851
0.73 4.24812774611089
0.74 2.69400770506534
0.75 1.9339875473111
0.76 4.48548860432968
0.77 7.66423341505504
0.78 3.06240440483282
0.79 1.41111108826196
0.8 0.0259077521399308
0.81 3.79891620593976
0.82 6.11305605091682
0.83 2.81973377144348
0.84 5.2073854057136
0.85 4.67062583129086
0.86 0.706134196636529
0.87 8.66516145439786
0.88 2.89273556498219
0.89 5.79380924284947
0.9 0.764915355639411
0.91 7.15838189583876
0.92 8.69926071696321
0.93 17.2658707031298
0.94 12.2161461091768
0.95 0.794185844165299
0.96 19.9893416409496
0.97 2.86369465797966
0.98 13.3362789833735
0.99 45.7884885414347
