0.01 0.555912740993537
0.02 2.40625015388053
0.03 2.73474866181749
0.04 3.26813845417747
0.05 4.63870309842989
0.06 5.04457832039701
0.07 5.79207928232218
0.08 6.63179842700667
0.09 6.31868484489752
0.1 7.64297573776299
0.11 8.17663983415598
0.12 8.59411973350455
0.13 8.58049823528641
0.14 9.67142855168957
0.15 9.77509709753744
0.16 9.38723586489024
0.17 9.42330081283576
0.18 9.93070483800323
0.19 10.4228508353706
0.2 11.0675450048594
0.21 10.7476523658297
0.22 10.7087131348532
0.23 10.7219578963057
0.24 11.2235321509961
0.25 11.2318067732637
0.26 10.9925546251282
0.27 11.5629550972879
0.28 11.1967062823127
0.29 11.958165738482
0.3 11.2660044913627
0.31 11.2550487477737
0.32 11.2179643118231
0.33 11.3080389643311
0.34 12.3305036261617
0.35 9.97195216138823
0.36 10.9051084605093
0.37 10.4922712392298
0.38 10.9223328780989
0.39 10.9488599854413
0.4 10.1007885746893
0.41 10.5002102997289
0.42 9.17057920821486
0.43 7.99626216942116
0.44 10.547271981812
0.45 10.2521416625018
0.46 9.58853672326512
0.47 7.5863715327207
0.48 9.3252410858684
0.49 8.75084474195926
0.5 7.68685752563314
0.51 9.05088927349364
0.52 8.01799622890041
0.53 5.8486895578221
0.54 5.60657746265557
0.55 6.34518991720886
0.56 8.29430750795128
0.57 6.48075897206404
0.58 6.6609966609248
0.59 6.01205004567492
0.6 4.23618057429593
0.61 5.15446326152584
0.62 5.18338877854772
0.63 5.83980148101378
0.64 4.4319090966688
0.65 7.83752376566074
0.66 5.09287954945723
0.67 2.92328063729611
0.68 3.59568421470729
0.69 0.317351079048085
0.7 2.01977315939526
0.71 5.64573094000092
0.72 1.31829683405242
0.73 3.17844254122816
0.74 2.07546277312434
0.75 1.45823359623093
0.76 3.41673344323646
0.77 6.00422917107279
0.78 2.36144968785445
0.79 1.04637026216402
0.8 0.0735404698983364
0.81 3.09453619668369
0.82 5.0917235361228
0.83 2.38732411536215
0.84 4.42559944994055
0.85 3.94532211324386
0.86 0.579819959512434
0.87 7.53354821240547
0.88 2.62581716604818
0.89 5.19338378790742
0.9 0.662022267307925
0.91 6.52480123451481
0.92 8.00304038209381
0.93 16.0885918225985
0.94 11.4787320222517
0.95 0.759396034577361
0.96 19.1977721433931
0.97 2.77114484146651
0.98 13.0725106447981
0.99 45.3303523350414
