0.01 1.27700000000101
0.02 0.00900000000060823
0.03 1.80366666666542
0.04 0.664000000000781
0.05 2.14400000000082
0.06 1.09633333333403
0.07 1.3402857142856
0.08 0.935500000000503
0.09 1.8289999999999
0.1 0.450999999999895
0.11 1.00772727272765
0.12 0.943333333333604
0.13 0.284615384615489
0.14 0.30757142857168
0.15 0.339666666666742
0.16 1.50875000000025
0.17 2.32923529411751
0.18 0.873666666666763
0.19 0.994210526315747
0.2 0.915999999999995
0.21 0.305761904762053
0.22 0.255727272727243
0.23 1.29517391304337
0.24 0.36116666666651
0.25 1.26800000000011
0.26 1.47676923076934
0.27 0.483148148148179
0.28 0.812857142857115
0.29 0.705275862068945
0.3 0.497333333333434
0.31 0.179096774193446
0.32 0.511750000000072
0.33 0.236060606060571
0.34 1.7376470588237
0.35 2.40285714285704
0.36 0.275555555555565
0.37 0.0377297297298391
0.38 0.444894736842051
0.39 0.885948717948721
0.4 0.139000000000045
0.41 1.1678048780489
0.42 0.36842857142861
0.43 2.25004651162787
0.44 0.684000000000036
0.45 1.44122222222232
0.46 0.758565217391438
0.47 2.68580851063814
0.48 0.274833333333432
0.49 0.401163265306211
0.5 1.21399999999989
0.51 1.05939215686281
0.52 0.0575384615385105
0.53 2.72515094339615
0.54 2.1677037037036
0.55 1.2614545454544
0.56 2.05128571428581
0.57 0.0647719298244387
0.58 0.316620689655321
0.59 0.719627118643955
0.6 2.57799999999986
0.61 0.706311475409711
0.62 0.362290322580518
0.63 0.807698412698554
0.64 0.731937499999886
0.65 2.98323076923093
0.66 0.408333333333474
0.67 0.934686567164003
0.68 0.700705882352745
0.69 5.65294202898529
0.7 1.63271428571409
0.71 2.74298591549314
0.72 1.92661111111088
0.73 0.272726027397486
0.74 1.29775675675655
0.75 1.08966666666643
0.76 0.723052631579181
0.77 3.82116883116907
0.78 0.803410256410524
0.79 1.25854430379717
0.8 1.65949999999968
0.81 1.31423456790155
0.82 3.20478048780522
0.83 0.758301204819653
0.84 3.28723809523847
0.85 6.05899999999957
0.86 0.568348837208841
0.87 9.18102298850524
0.88 1.92590909090961
0.89 5.0373707865174
0.9 1.09466666666601
0.91 6.15452747252814
0.92 8.00860869565291
0.93 16.1838064516137
0.94 11.7384042553201
0.95 1.06326315789342
0.96 19.4404583333347
0.97 3.17289690721863
0.98 13.220163265309
0.99 45.5763838383875
