0.01 18.8000000001188
0.02 1.9999999999706
0.03 6.23333333329374
0.04 6.40000000001873
0.05 13.6200000000182
0.06 10.1777777777883
0.07 5.67142857142723
0.08 1.38749999999383
0.09 6.7283950617272
0.1 5.58999999999907
0.11 3.93884297520994
0.12 1.06111111110892
0.13 1.10828402366945
0.14 0.134693877552751
0.15 0.640000000000452
0.16 0.406250000001562
0.17 3.21868512110648
0.18 1.76604938271663
0.19 1.01440443213274
0.2 3.52000000000001
0.21 0.407029478457302
0.22 0.0785123966943035
0.23 1.87580340264606
0.24 0.804166666667295
0.25 2.87600000000042
0.26 3.51242603550336
0.27 1.17860082304541
0.28 1.53469387755093
0.29 0.583115338882189
0.3 1.18333333333367
0.31 0.2407908428723
0.32 0.463671875000233
0.33 0.444628099173432
0.34 3.60346020761238
0.35 4.700408163265
0.36 0.849382716049382
0.37 0.0927684441201201
0.38 0.90886426592781
0.39 1.05647600262986
0.4 0.353749999999881
0.41 2.07965496728132
0.42 0.0256235827665203
0.43 3.9224986479177
0.44 1.60082644628107
0.45 2.36074074074096
0.46 1.71030245746696
0.47 5.20583974649154
0.48 0.360416666666873
0.49 0.527696793003089
0.5 2.0379999999998
0.51 1.87001153402551
0.52 0.0757396449702993
0.53 4.21986472054095
0.54 3.32489711934136
0.55 2.18644628099161
0.56 2.9909438775512
0.57 0.0567251461987273
0.58 0.900475624256963
0.59 1.08307957483463
0.6 3.84999999999976
0.61 1.0226820747109
0.62 0.311498439125717
0.63 1.20841521793924
0.64 0.689257812499811
0.65 4.37337278106531
0.66 0.466483011937778
0.67 1.48032969480926
0.68 1.18823529411736
0.69 7.58061331652988
0.7 2.33673469387732
0.71 3.63439793691753
0.72 2.64884259259234
0.73 0.52508913492239
0.74 1.64119795471119
0.75 1.50666666666635
0.76 0.990443213296703
0.77 4.81980097824284
0.78 0.933464825772823
0.79 1.47566095177021
0.8 2.05624999999961
0.81 1.62135345221805
0.82 3.88979773944118
0.83 0.837610683699065
0.84 3.81088435374194
0.85 7.1377854671275
0.86 0.70630070308224
0.87 10.4804201347596
0.88 2.10950413223199
0.89 5.62566595126938
0.9 1.22012345678941
0.91 6.74082840236759
0.92 8.70018903591762
0.93 17.3547577754662
0.94 12.4756450882763
0.95 1.10360110803183
0.96 20.2472656250014
0.97 3.27721330641095
0.98 13.4826530612274
0.99 46.0341291704964
