0.01 1.01010101010101
0.02 1.02040816326531
0.03 1.03092783505155
0.04 1.04166666666667
0.05 1.05263157894737
0.06 1.06382978723404
0.07 1.0752688172043
0.08 1.08695652173913
0.09 1.0989010989011
0.1 1.11111111111111
0.11 1.12359550561798
0.12 1.13636363636364
0.13 1.14942528735632
0.14 1.16279069767442
0.15 1.17647058823529
0.16 1.19047619047619
0.17 1.20481927710843
0.18 1.21951219512193
0.19 1.23456790123449
0.2 1.24999999999979
0.21 1.26582278480957
0.22 1.28205128204987
0.23 1.29870129869787
0.24 1.31578947367617
0.25 1.33333333331514
0.26 1.35135135131149
0.27 1.36986301361385
0.28 1.38888888871342
0.29 1.40845070387136
0.3 1.42857142787407
0.31 1.44927536097526
0.32 1.47058823275882
0.33 1.49253730874137
0.34 1.51515150662821
0.35 1.53846152324237
0.36 1.56249997326501
0.37 1.58730154105662
0.38 1.61290314697456
0.39 1.63934412976266
0.4 1.66666644676434
0.41 1.69491489390172
0.42 1.72413734756813
0.43 1.7543850307999
0.44 1.78571280632129
0.45 1.81817949929089
0.46 1.85184825281157
0.47 1.88678691949123
0.48 1.92306849254599
0.49 1.96077158010586
0.5 1.99998092649548
0.51 2.04078798429311
0.52 2.08329154088869
0.53 2.12759840302641
0.54 2.17382414238073
0.55 2.22209390452065
0.56 2.27254328259524
0.57 2.32531925564685
0.58 2.38058118953399
0.59 2.43850189592324
0.6 2.49926874157602
0.61 2.56308479609338
0.62 2.63017000126787
0.63 2.70076233911069
0.64 2.77511896836982
0.65 2.85351729085817
0.66 2.93625589914079
0.67 3.02365534612857
0.68 3.11605866503359
0.69 3.21383155523135
0.7 3.31736213629374
0.71 3.42706015946232
0.72 3.54335555403912
0.73 3.66669617678277
0.74 3.79754462692293
0.75 3.9363739896577
0.76 4.08366237904986
0.77 4.23988616932052
0.78 4.40551183388496
0.79 4.58098635606771
0.8 4.76672623568525
0.81 4.96310519203324
0.82 5.17044075528316
0.83 5.3889800420434
0.84 5.61888512182011
0.85 5.86021849187761
0.86 6.11292927882237
0.87 6.37684086461825
0.88 6.65164068036447
0.89 6.93687291129679
0.9 7.23193480168945
0.91 7.53607713340729
0.92 7.8484092773925
0.93 8.16790899092367
0.94 8.49343686975041
0.95 8.82375508408282
0.96 9.15754975591118
0.97 9.49345609834193
0.98 9.83008525925281
0.99 10.1660517095249
