0.01 0.01010101010101
0.02 0.020408163265306
0.03 0.030927835051546
0.04 0.041666666666667
0.05 0.052631578947368
0.06 0.063829787234043
0.07 0.075268817204301
0.08 0.08695652173913
0.09 0.098901098901099
0.1 0.111111111111111
0.11 0.123595505617978
0.12 0.136363636363636
0.13 0.149425287356322
0.14 0.162790697674419
0.15 0.176470588235294
0.16 0.19047619047619
0.17 0.204819277108432
0.18 0.219512195121946
0.19 0.234567901234553
0.2 0.249999999999956
0.21 0.265822784810004
0.22 0.282051282050956
0.23 0.29870129870047
0.24 0.315789473682185
0.25 0.333333333328559
0.26 0.351351351340471
0.27 0.369863013674594
0.28 0.388888888837302
0.29 0.408450704117562
0.3 0.428571428351761
0.31 0.449275361881505
0.32 0.470588234442257
0.33 0.492537311807242
0.34 0.515151512108694
0.35 0.538461532868495
0.36 0.562499989894174
0.37 0.587301569335418
0.38 0.612903194352529
0.39 0.639344208023055
0.4 0.66666657430769
0.41 0.694915099112826
0.42 0.724137673725826
0.43 0.754385543160553
0.44 0.785713602234752
0.45 0.818180722505925
0.46 0.851850113515566
0.47 0.886789722127816
0.48 0.923072674090265
0.49 0.960777762280319
0.5 0.999989986414904
0.51 1.04080114927297
0.52 1.08331051468145
0.53 1.12762553260973
0.54 1.17386263665903
0.55 1.22214811896351
0.56 1.27261908696755
0.57 1.32542450562143
0.58 1.38072632714068
0.59 1.43870070847925
0.6 1.49953931393051
0.61 1.56345069662995
0.62 1.63066174801036
0.63 1.7014191982602
0.64 1.7759911433614
0.65 1.85466856514098
0.66 1.93776679979314
0.67 2.0256268973963
0.68 2.11861680002325
0.69 2.21713224921093
0.7 2.32159731508313
0.71 2.43246441981314
0.72 2.55021370819529
0.73 2.67535159907602
0.74 2.8084083349492
0.75 2.94993433533666
0.76 3.10049515537832
0.77 3.26066485757091
0.78 3.43101762542088
0.79 3.61211748665099
0.8 3.80450607401576
0.81 4.00868843645021
0.82 4.22511702344469
0.83 4.45417410018907
0.84 4.69615300607018
0.85 4.95123883667511
0.86 5.21948929754225
0.87 5.50081663050081
0.88 5.7949716314204
0.89 6.10153084104962
0.9 6.41988797906105
0.91 6.74925059056673
0.92 7.08864267714947
0.93 7.43691379449794
0.94 7.79275473203754
0.95 8.15471947470395
0.96 8.52125272116986
0.97 8.89072183961148
0.98 9.26145182392515
0.99 9.63176160542569
