0.01 0.000290455527103
0.02 0.001191324740568
0.03 0.002703408915046
0.04 0.004729150984929
0.05 0.007417281901559
0.06 0.010785376906025
0.07 0.014447252540301
0.08 0.018819781288197
0.09 0.023797618588458
0.1 0.029273492632886
0.11 0.035251528453757
0.12 0.042145756611652
0.13 0.049115850807018
0.14 0.057298619749506
0.15 0.065758482231207
0.16 0.074881710757428
0.17 0.084030174508449
0.18 0.094045440349327
0.19 0.105116359407794
0.2 0.116728788634932
0.21 0.129104924972191
0.22 0.140927078078079
0.23 0.154369056383193
0.24 0.168263396270693
0.25 0.183156282608185
0.26 0.198780625535051
0.27 0.214430072876358
0.28 0.231631053157131
0.29 0.248698543760557
0.3 0.267666942006471
0.31 0.28557296806698
0.32 0.305114261903759
0.33 0.326660406247927
0.34 0.349882366628721
0.35 0.369823321270149
0.36 0.392451470358667
0.37 0.418444148257482
0.38 0.439698881499939
0.39 0.468685986165148
0.4 0.494778418327401
0.41 0.522116476483253
0.42 0.551857474247618
0.43 0.582931963323378
0.44 0.613482197892293
0.45 0.645747434716674
0.46 0.678040784930059
0.47 0.714768731834617
0.48 0.751568564147339
0.49 0.787821926020981
0.5 0.82849984552037
0.51 0.867616391841684
0.52 0.913711657850285
0.53 0.955256852932478
0.54 0.998191946261626
0.55 1.04569298154196
0.56 1.09394784047628
0.57 1.14607796558153
0.58 1.20103656388478
0.59 1.2523030212321
0.6 1.31103090008116
0.61 1.36406251870582
0.62 1.4244587042563
0.63 1.485232977069
0.64 1.54748850195085
0.65 1.6129269478192
0.66 1.68222353868667
0.67 1.75560081543757
0.68 1.82792700874503
0.69 1.90455996910322
0.7 1.97527066949052
0.71 2.05118225884892
0.72 2.12513025262069
0.73 2.21117301876273
0.74 2.29278926888004
0.75 2.37506226705514
0.76 2.46266620626173
0.77 2.55436377449645
0.78 2.62866214331304
0.79 2.7258847050373
0.8 2.81262372086228
0.81 2.89670677711261
0.82 2.99017113207402
0.83 3.08707822209206
0.84 3.1814933750722
0.85 3.28154317286041
0.86 3.36488803113031
0.87 3.46630242282421
0.88 3.54876259144998
0.89 3.6443595143644
0.9 3.73350668277202
0.91 3.82254834594969
0.92 3.91132267023343
0.93 3.99446328201032
0.94 4.07852191614507
0.95 4.15751427980412
0.96 4.24176275936782
0.97 4.31487297680468
0.98 4.39616868606679
0.99 4.47262575977778
