0.01 1.00037175943804
0.02 1.00130735766861
0.03 1.00269520275938
0.04 1.00464265216915
0.05 1.00745759158965
0.06 1.0101899858439
0.07 1.01383234633151
0.08 1.01951736244198
0.09 1.02428728424865
0.1 1.0291992702017
0.11 1.03572730062067
0.12 1.04243412487149
0.13 1.04900811078899
0.14 1.05721743115813
0.15 1.0659642388391
0.16 1.07454742732316
0.17 1.08338185777373
0.18 1.09395657532753
0.19 1.10446786737239
0.2 1.1168724726233
0.21 1.12924886812573
0.22 1.14052610645928
0.23 1.15388068536579
0.24 1.16860706413808
0.25 1.18272479542195
0.26 1.19890823329847
0.27 1.2145341718492
0.28 1.2315839986474
0.29 1.24863764269871
0.3 1.26822238135958
0.31 1.28526048380754
0.32 1.3051549520636
0.33 1.32631447655847
0.34 1.3499801688463
0.35 1.36999503203439
0.36 1.3922595416198
0.37 1.41831714846929
0.38 1.43929017675975
0.39 1.46894963905465
0.4 1.49499683840905
0.41 1.52149743290031
0.42 1.55193381075943
0.43 1.58284094293927
0.44 1.61327428372674
0.45 1.64583970616797
0.46 1.67810894767518
0.47 1.71458412662075
0.48 1.75162845698826
0.49 1.78831807266125
0.5 1.82813987072624
0.51 1.86725543532674
0.52 1.91404621077382
0.53 1.95567538102351
0.54 1.99771550512814
0.55 2.04540572563552
0.56 2.09334275961976
0.57 2.14486187706445
0.58 2.20010262194372
0.59 2.25084378531
0.6 2.31001540145358
0.61 2.36245708180191
0.62 2.42253746570151
0.63 2.4827284996403
0.64 2.54474884260322
0.65 2.60979555196276
0.66 2.67861317105604
0.67 2.75161685390438
0.68 2.82341512053327
0.69 2.89964321285052
0.7 2.96922462695919
0.71 3.04428671310528
0.72 3.11759024646761
0.73 3.20282186736949
0.74 3.28339523662366
0.75 3.36420070569308
0.76 3.45055529984819
0.77 3.5405251855475
0.78 3.61394636686329
0.79 3.70962577135469
0.8 3.79367040025614
0.81 3.87621591868616
0.82 3.96751735155759
0.83 4.06238016288501
0.84 4.15457118229294
0.85 4.25234854278486
0.86 4.33305756352986
0.87 4.43166969938316
0.88 4.51123903193199
0.89 4.60336612681525
0.9 4.68944455495324
0.91 4.77535591171438
0.92 4.8605970441648
0.93 4.94000152997258
0.94 5.02061872367863
0.95 5.09599740436262
0.96 5.17599858765277
0.97 5.24438648755687
0.98 5.32153499342703
0.99 5.39427282046109
