0.01 9.62E-05
0.02 0.0004132
0.03 0.0009378
0.04 0.0016642
0.05 0.0026313
0.06 0.0038855
0.07 0.0052762
0.08 0.0069364
0.09 0.0089307
0.1 0.0110881
0.11 0.013571
0.12 0.016369
0.13 0.0193542
0.14 0.0228565
0.15 0.0264916
0.16 0.0305064
0.17 0.034691
0.18 0.0393423
0.19 0.044469
0.2 0.0500277
0.21 0.0560778
0.22 0.061899
0.23 0.0685811
0.24 0.0754883
0.25 0.0833081
0.26 0.0915154
0.27 0.0998347
0.28 0.1090522
0.29 0.1183177
0.3 0.1287857
0.31 0.1388205
0.32 0.1501882
0.33 0.1626702
0.34 0.1762451
0.35 0.1883921
0.36 0.2019211
0.37 0.2179594
0.38 0.2313972
0.39 0.2495321
0.4 0.2661493
0.41 0.2842069
0.42 0.3033709
0.43 0.3237529
0.44 0.3448729
0.45 0.3669511
0.46 0.3886223
0.47 0.4141607
0.48 0.4398512
0.49 0.4663402
0.5 0.4952643
0.51 0.5244743
0.52 0.5571611
0.53 0.5879069
0.54 0.6209867
0.55 0.6564885
0.56 0.6931382
0.57 0.7348286
0.58 0.7760109
0.59 0.8165416
0.6 0.8627981
0.61 0.9049424
0.62 0.9535733
0.63 1.0024543
0.64 1.0537331
0.65 1.1081132
0.66 1.1639265
0.67 1.2250841
0.68 1.2862688
0.69 1.3489329
0.7 1.4096227
0.71 1.4756111
0.72 1.5389499
0.73 1.6120269
0.74 1.6837894
0.75 1.755424
0.76 1.8309327
0.77 1.91206
0.78 1.9767803
0.79 2.0639447
0.8 2.1428427
0.81 2.2194614
0.82 2.3016035
0.83 2.3893876
0.84 2.4752421
0.85 2.5643778
0.86 2.640522
0.87 2.7347834
0.88 2.8117776
0.89 2.8992614
0.9 2.9842437
0.91 3.0647041
0.92 3.1475048
0.93 3.2269535
0.94 3.3049341
0.95 3.3817343
0.96 3.4614338
0.97 3.5310995
0.98 3.6097073
0.99 3.6793276
