0.01 0.0101375
0.02 0.0204025
0.03 0.0310009
0.04 0.0416413
0.05 0.0527119
0.06 0.0640551
0.07 0.0754278
0.08 0.0868958
0.09 0.0988726
0.1 0.1110423
0.11 0.1233256
0.12 0.1365055
0.13 0.149426
0.14 0.1629088
0.15 0.1763922
0.16 0.1902902
0.17 0.2045653
0.18 0.2192652
0.19 0.2343842
0.2 0.2503875
0.21 0.2661033
0.22 0.2816399
0.23 0.2984745
0.24 0.3152264
0.25 0.3333484
0.26 0.3515948
0.27 0.3698363
0.28 0.3889572
0.29 0.4081656
0.3 0.4291225
0.31 0.4484021
0.32 0.4700387
0.33 0.4924057
0.34 0.5169075
0.35 0.538416
0.36 0.5618484
0.37 0.5880632
0.38 0.6107834
0.39 0.6395929
0.4 0.6660671
0.41 0.6939265
0.42 0.7234619
0.43 0.7537002
0.44 0.7848968
0.45 0.8170738
0.46 0.8482317
0.47 0.8841905
0.48 0.9197017
0.49 0.956377
0.5 0.9947875
0.51 1.0342986
0.52 1.0771962
0.53 1.1175644
0.54 1.1601681
0.55 1.2055423
0.56 1.2520415
0.57 1.3033651
0.58 1.3547207
0.59 1.4044844
0.6 1.4611045
0.61 1.512369
0.62 1.5703554
0.63 1.6286451
0.64 1.689053
0.65 1.7530574
0.66 1.817798
0.67 1.8887797
0.68 1.9587313
0.69 2.0305768
0.7 2.0993824
0.71 2.1741523
0.72 2.2453292
0.73 2.3270637
0.74 2.4071911
0.75 2.4865756
0.76 2.5696906
0.77 2.6582539
0.78 2.7291411
0.79 2.8242165
0.8 2.9093593
0.81 2.9924721
0.82 3.0803334
0.83 3.1746889
0.84 3.2659381
0.85 3.3605095
0.86 3.4409788
0.87 3.5404293
0.88 3.6214246
0.89 3.7126282
0.9 3.8011633
0.91 3.8846854
0.92 3.9704849
0.93 4.0521342
0.94 4.1324885
0.95 4.2112552
0.96 4.2921997
0.97 4.3626788
0.98 4.4423531
0.99 4.5121311
