0.01 1.00448572988895
0.02 0.995854590266525
0.03 1.00273454987817
0.04 1.00762355776898
0.05 1.00380312527969
0.06 1.01016406042131
0.07 1.01298839481374
0.08 1.01487175622819
0.09 1.02946500170442
0.1 1.0261891584693
0.11 1.03172314793083
0.12 1.03870318484654
0.13 1.05079887085878
0.14 1.05033222614314
0.15 1.06146944591132
0.16 1.07872338256083
0.17 1.09128553237547
0.18 1.09840603856094
0.19 1.10589073042752
0.2 1.11165568743926
0.21 1.12977655233127
0.22 1.1447600880147
0.23 1.15945509225577
0.24 1.16811141906584
0.25 1.18357590968982
0.26 1.20280331587665
0.27 1.2114663685303
0.28 1.23337907941232
0.29 1.24002583466927
0.3 1.26762850726625
0.31 1.28615871380038
0.32 1.30561817188495
0.33 1.32376061247267
0.34 1.32832570263392
0.35 1.3850468898248
0.36 1.39210768030454
0.37 1.42075759937731
0.38 1.43673656648228
0.39 1.45985475433703
0.4 1.49832019042185
0.41 1.51694558814019
0.42 1.56602449641009
0.43 1.61410066369437
0.44 1.59737014318193
0.45 1.63177924249997
0.46 1.67428635697657
0.47 1.74365336730716
0.48 1.7437453637333
0.49 1.78919912270668
0.5 1.84626284948734
0.51 1.85610430054095
0.52 1.91629174523124
0.53 2.00321937111017
0.54 2.05203092472488
0.55 2.0812180018398
0.56 2.0842202839102
0.57 2.17486607041712
0.58 2.22235722235893
0.59 2.29238902327622
0.6 2.3940954856426
0.61 2.43193683944806
0.62 2.4951739795119
0.63 2.54487023024287
0.64 2.6546691917592
0.65 2.63321360669541
0.66 2.7913858956042
0.67 2.94171876856679
0.68 3.0126348682904
0.69 3.2360435831951
0.7 3.2660075613535
0.71 3.25359548482756
0.72 3.52434654164099
0.73 3.58598360958415
0.74 3.76632835487984
0.75 3.94167065615077
0.76 4.02430277319849
0.77 4.08677264473597
0.78 4.43811592327935
0.79 4.71207760656363
0.8 5.00367702349493
0.81 5.10028756859561
0.82 5.27268202577097
0.83 5.74192211086107
0.84 5.97340003437874
0.85 6.92968814088295
0.86 7.10144143146342
0.87 8.2718114009543
0.88 8.11451523616269
0.89 8.61878329200846
0.9 10.0662022267309
0.91 10.3861331961651
0.92 11.4996199522384
0.93 11.9873440253432
0.94 14.7535446629582
0.95 20.1518792069157
0.96 20.200556964152
0.97 32.4096183861785
0.98 43.4637446776024
0.99 54.6696476649622
