0.01 0.000276273352845
0.02 0.001062095499884
0.03 0.002475849148538
0.04 0.004756687328641
0.05 0.007963123184831
0.06 0.010088722851833
0.07 0.01353239154558
0.08 0.018741956631239
0.09 0.025739838469312
0.1 0.028083923065253
0.11 0.033220607589846
0.12 0.041454067792487
0.13 0.049356327121557
0.14 0.057180931968224
0.15 0.064987791341129
0.16 0.073956266552803
0.17 0.088058673557239
0.18 0.096845630582317
0.19 0.105212515105031
0.2 0.112141679429015
0.21 0.128966963568063
0.22 0.139295980697103
0.23 0.160475503597069
0.24 0.167715061843715
0.25 0.187268396411641
0.26 0.203285269900824
0.27 0.214488550700378
0.28 0.232296953088644
0.29 0.24328489775618
0.3 0.267593129169833
0.31 0.283228495969016
0.32 0.302414168202664
0.33 0.327714331119815
0.34 0.335541945512157
0.35 0.385087235003081
0.36 0.392550298942508
0.37 0.419184213338018
0.38 0.442651415894452
0.39 0.464857680301512
0.4 0.497768997910237
0.41 0.513250264887186
0.42 0.560737912769556
0.43 0.605951797318746
0.44 0.6012889225472
0.45 0.631036398636308
0.46 0.675402412239696
0.47 0.745865213135434
0.48 0.749948808848737
0.49 0.792552180807797
0.5 0.843676240377179
0.51 0.857264673623107
0.52 0.918419466813548
0.53 1.00016759650626
0.54 1.04697273510039
0.55 1.0813041715147
0.56 1.08579517256118
0.57 1.17250123483406
0.58 1.22045112013555
0.59 1.29205671662961
0.6 1.39001965897238
0.61 1.43014382890612
0.62 1.49249913667261
0.63 1.54580487144813
0.64 1.65210726785879
0.65 1.63781264795378
0.66 1.79508842983789
0.67 1.93765145519731
0.68 2.01398220628441
0.69 2.2318659727773
0.7 2.26169662498915
0.71 2.25529276733805
0.72 2.52391389287182
0.73 2.58884691649404
0.74 2.76947824224045
0.75 2.94198037358067
0.76 3.02462619419623
0.77 3.09124088132208
0.78 3.43687838928321
0.79 3.70882010667968
0.8 3.99896368991442
0.81 4.1012040985889
0.82 4.2770718910138
0.83 4.74468358645307
0.84 4.97661226620006
0.85 5.93133546377317
0.86 6.09948032792093
0.87 7.27220695887128
0.88 7.12119939190134
0.89 7.6221372521695
0.9 9.06884238200761
0.91 9.38731916386526
0.92 10.4995850175493
0.93 10.9918200351557
0.94 13.7528037762291
0.95 19.1508953103917
0.96 19.2025580061724
0.97 31.4074053939206
0.98 42.4652232981484
0.99 53.6693963439832
