0.01 0.01023
0.02 0.02041
0.03 0.03037
0.04 0.04139
0.05 0.05376
0.06 0.06313
0.07 0.07426
0.08 0.08777
0.09 0.10071
0.1 0.11061
0.11 0.12235
0.12 0.13765
0.13 0.149
0.14 0.16229
0.15 0.17707
0.16 0.19335
0.17 0.20959
0.18 0.22143
0.19 0.2369
0.2 0.24771
0.21 0.26501
0.22 0.28133
0.23 0.30257
0.24 0.31693
0.25 0.33756
0.26 0.35654
0.27 0.37165
0.28 0.39205
0.29 0.40557
0.3 0.42644
0.31 0.45008
0.32 0.46818
0.33 0.4937
0.34 0.5062
0.35 0.5514
0.36 0.56405
0.37 0.58708
0.38 0.61563
0.39 0.63368
0.4 0.66574
0.41 0.6868
0.42 0.72147
0.43 0.77136
0.44 0.78034
0.45 0.80639
0.46 0.84539
0.47 0.91061
0.48 0.92054
0.49 0.95693
0.5 1.01214
0.51 1.02979
0.52 1.08271
0.53 1.15839
0.54 1.19936
0.55 1.23764
0.56 1.24662
0.57 1.32644
0.58 1.37658
0.59 1.44938
0.6 1.53867
0.61 1.57515
0.62 1.63749
0.63 1.68895
0.64 1.79079
0.65 1.80174
0.66 1.93325
0.67 2.04928
0.68 2.13989
0.69 2.35163
0.7 2.37143
0.71 2.38112
0.72 2.62097
0.73 2.69633
0.74 2.88309
0.75 3.03269
0.76 3.14377
0.77 3.2199
0.78 3.51697
0.79 3.80925
0.8 4.06638
0.81 4.20713
0.82 4.40956
0.83 4.84533
0.84 5.07742
0.85 6.01001
0.86 6.17777
0.87 7.30673
0.88 7.1921
0.89 7.68334
0.9 9.09852
0.91 9.48882
0.92 10.57901
0.93 11.13558
0.94 13.82765
0.95 19.20202
0.96 19.33429
0.97 31.30743
0.98 42.52212
0.99 53.87938
