0.01 0.00012
0.02 0.0004
0.03 0.00087
0.04 0.00156
0.05 0.00299
0.06 0.00344
0.07 0.00497
0.08 0.00686
0.09 0.0095
0.1 0.01049
0.11 0.01306
0.12 0.01619
0.13 0.01921
0.14 0.02276
0.15 0.02664
0.16 0.0306
0.17 0.03594
0.18 0.04021
0.19 0.04502
0.2 0.04824
0.21 0.05605
0.22 0.0621
0.23 0.06999
0.24 0.07518
0.25 0.08573
0.26 0.09456
0.27 0.10104
0.28 0.11056
0.29 0.11776
0.3 0.12705
0.31 0.13894
0.32 0.14989
0.33 0.16326
0.34 0.16884
0.35 0.19732
0.36 0.20422
0.37 0.2171
0.38 0.23502
0.39 0.24671
0.4 0.26761
0.41 0.27899
0.42 0.30406
0.43 0.33711
0.44 0.34018
0.45 0.35949
0.46 0.38515
0.47 0.43849
0.48 0.44148
0.49 0.4683
0.5 0.51019
0.51 0.52089
0.52 0.56376
0.53 0.62288
0.54 0.65499
0.55 0.68692
0.56 0.69141
0.57 0.75601
0.58 0.79374
0.59 0.85822
0.6 0.93465
0.61 0.96386
0.62 1.01473
0.63 1.05974
0.64 1.14562
0.65 1.15435
0.66 1.2752
0.67 1.38044
0.68 1.46217
0.69 1.65223
0.7 1.6715
0.71 1.6751
0.72 1.90047
0.73 1.96334
0.74 2.14072
0.75 2.2839
0.76 2.38283
0.77 2.45358
0.78 2.73964
0.79 3.01576
0.8 3.2658
0.81 3.39717
0.82 3.59025
0.83 4.01841
0.84 4.24194
0.85 5.16047
0.86 5.32017
0.87 6.43251
0.88 6.3172
0.89 6.79581
0.9 8.19883
0.91 8.58088
0.92 9.65952
0.93 10.21141
0.94 12.88942
0.95 18.2492
0.96 18.37503
0.97 30.33549
0.98 41.54563
0.99 52.89195
