0.01 1.01010101010101
0.02 1.02040816326531
0.03 1.03092783505155
0.04 1.04166666666667
0.05 1.05263157894737
0.06 1.06382978723404
0.07 1.0752688172043
0.08 1.08695652173913
0.09 1.0989010989011
0.1 1.11111111111111
0.11 1.12359550561798
0.12 1.13636363636364
0.13 1.14942528735632
0.14 1.16279069767442
0.15 1.17647058823529
0.16 1.19047619047619
0.17 1.20481927710843
0.18 1.21951219512195
0.19 1.23456790123457
0.2 1.25
0.21 1.26582278481013
0.22 1.28205128205128
0.23 1.2987012987013
0.24 1.31578947368421
0.25 1.33333333333333
0.26 1.35135135135135
0.27 1.36986301369863
0.28 1.38888888888889
0.29 1.40845070422535
0.3 1.42857142857143
0.31 1.44927536231884
0.32 1.47058823529412
0.33 1.49253731343284
0.34 1.51515151515152
0.35 1.53846153846154
0.36 1.5625
0.37 1.58730158730159
0.38 1.61290322580645
0.39 1.63934426229508
0.4 1.66666666666667
0.41 1.69491525423729
0.42 1.72413793103448
0.43 1.75438596491228
0.44 1.78571428571429
0.45 1.81818181818182
0.46 1.85185185185185
0.47 1.88679245283019
0.48 1.92307692307692
0.49 1.96078431372549
0.5 2
0.51 2.04081632653061
0.52 2.08333333333333
0.53 2.12765957446809
0.54 2.17391304347826
0.55 2.22222222222222
0.56 2.27272727272727
0.57 2.32558139534884
0.58 2.38095238095238
0.59 2.4390243902439
0.6 2.5
0.61 2.56410256410257
0.62 2.63157894736842
0.63 2.70270270270271
0.64 2.77777777777778
0.65 2.85714285714286
0.66 2.94117647058824
0.67 3.03030303030303
0.68 3.125
0.69 3.22580645161291
0.7 3.33333333333334
0.71 3.44827586206897
0.72 3.57142857142858
0.73 3.70370370370371
0.74 3.84615384615385
0.75 4.00000000000001
0.76 4.16666666666667
0.77 4.34782608695653
0.78 4.54545454545455
0.79 4.76190476190477
0.8 5.00000000000001
0.81 5.26315789473686
0.82 5.55555555555557
0.83 5.88235294117649
0.84 6.25000000000002
0.85 6.66666666666669
0.86 7.14285714285717
0.87 7.69230769230772
0.88 8.33333333333337
0.89 9.09090909090914
0.9 10.0000000000001
0.91 11.1111111111112
0.92 12.5000000000001
0.93 14.2857142857144
0.94 16.6666666666668
0.95 20.0000000000002
0.96 25.0000000000004
0.97 33.333333333334
0.98 50.0000000000016
0.99 100.000000000007
