0.01 0.00010101010101
0.02 0.000408163265306
0.03 0.000927835051546
0.04 0.001666666666667
0.05 0.002631578947368
0.06 0.003829787234043
0.07 0.005268817204301
0.08 0.00695652173913
0.09 0.008901098901099
0.1 0.011111111111111
0.11 0.013595505617978
0.12 0.016363636363636
0.13 0.019425287356322
0.14 0.022790697674419
0.15 0.026470588235294
0.16 0.03047619047619
0.17 0.034819277108434
0.18 0.039512195121951
0.19 0.044567901234568
0.2 0.05
0.21 0.055822784810127
0.22 0.062051282051282
0.23 0.068701298701299
0.24 0.075789473684211
0.25 0.083333333333333
0.26 0.091351351351351
0.27 0.09986301369863
0.28 0.108888888888889
0.29 0.118450704225352
0.3 0.128571428571429
0.31 0.139275362318841
0.32 0.150588235294118
0.33 0.162537313432836
0.34 0.175151515151515
0.35 0.188461538461539
0.36 0.2025
0.37 0.217301587301588
0.38 0.232903225806452
0.39 0.249344262295082
0.4 0.266666666666667
0.41 0.284915254237288
0.42 0.304137931034483
0.43 0.324385964912281
0.44 0.345714285714286
0.45 0.368181818181819
0.46 0.391851851851852
0.47 0.416792452830189
0.48 0.443076923076924
0.49 0.470784313725491
0.5 0.500000000000001
0.51 0.530816326530613
0.52 0.563333333333334
0.53 0.597659574468086
0.54 0.633913043478262
0.55 0.672222222222223
0.56 0.712727272727274
0.57 0.755581395348838
0.58 0.800952380952382
0.59 0.849024390243904
0.6 0.900000000000002
0.61 0.954102564102566
0.62 1.01157894736842
0.63 1.0727027027027
0.64 1.13777777777778
0.65 1.20714285714286
0.66 1.28117647058824
0.67 1.36030303030303
0.68 1.445
0.69 1.53580645161291
0.7 1.63333333333334
0.71 1.73827586206897
0.72 1.85142857142858
0.73 1.97370370370371
0.74 2.10615384615385
0.75 2.25000000000001
0.76 2.40666666666667
0.77 2.57782608695653
0.78 2.76545454545455
0.79 2.97190476190477
0.8 3.20000000000001
0.81 3.45315789473686
0.82 3.73555555555557
0.83 4.05235294117649
0.84 4.41000000000002
0.85 4.81666666666669
0.86 5.28285714285717
0.87 5.82230769230772
0.88 6.45333333333337
0.89 7.20090909090914
0.9 8.10000000000006
0.91 9.20111111111118
0.92 10.5800000000001
0.93 12.3557142857144
0.94 14.7266666666668
0.95 18.0500000000002
0.96 23.0400000000004
0.97 31.363333333334
0.98 48.0200000000016
0.99 98.0100000000066
