0.01 97.0093526143213
0.02 94.1029508052157
0.03 91.3280921296076
0.04 88.5911454442625
0.05 85.9393102721668
0.06 83.387659795675
0.07 80.7299727046964
0.08 78.299031097092
0.09 75.9440340202098
0.1 73.5936176202175
0.11 71.2714642266157
0.12 69.1581006005056
0.13 66.8940974559477
0.14 64.7498174080801
0.15 62.7744405537032
0.16 60.830783863098
0.17 59.1701468261216
0.18 56.9656709966376
0.19 54.8698231545561
0.2 53.2386638154922
0.21 51.2998190921902
0.22 49.8646212938032
0.23 48.2890279986422
0.24 46.7007576582942
0.25 44.8700813940481
0.26 43.6304883928979
0.27 41.8338580848554
0.28 40.7351836932894
0.29 39.3110857134944
0.3 37.4968909524091
0.31 36.3775304510517
0.32 35.0081541067213
0.33 33.748199291927
0.34 32.4925767616022
0.35 31.2784821101698
0.36 30.1196166986715
0.37 28.595217451883
0.38 27.9788853026058
0.39 26.8317736278399
0.4 25.9946098927913
0.41 24.8143918939634
0.42 23.7066205222823
0.43 22.662794796458
0.44 21.9555687964023
0.45 21.0049316482788
0.46 19.8531429342568
0.47 19.0359615029923
0.48 18.3443964189028
0.49 17.5536657193507
0.5 16.4037762913458
0.51 15.7062719422347
0.52 15.2728754681434
0.53 14.4677976797948
0.54 13.8207715940119
0.55 13.2096865133437
0.56 12.7161312061207
0.57 11.9478366006039
0.58 11.3472604119154
0.59 10.6374983304671
0.6 9.74753692329162
0.61 9.40659384908234
0.62 9.18414927768938
0.63 8.14624141507176
0.64 7.8578724146041
0.65 7.28286874018931
0.66 6.97343003145228
0.67 6.46725991052572
0.68 6.29877716790241
0.69 5.42023314540845
0.7 5.29762771624364
0.71 5.05853110082809
0.72 4.23197774550937
0.73 3.92917178667703
0.74 3.55675481322536
0.75 3.38798284853319
0.76 2.76628022493229
0.77 2.68743482261981
0.78 2.63212573513313
0.79 1.67229339856338
0.8 1.72217259727602
0.81 1.43428540907819
0.82 0.68081350439225
0.83 0.621545704224877
0.84 0.513255526406458
0.85 0.184737568157931
0.86 0.473570080615133
0.87 0.33179159479157
0.88 0.755268093714697
0.89 0.889892671875681
0.9 1.1678254788815
0.91 1.37152881553436
0.92 0.836087765414859
0.93 1.66261679840447
0.94 0.894449935398171
0.95 1.3248839776153
0.96 1.38715604677269
0.97 1.16293230459176
0.98 1.64722988045442
0.99 1.2913812890624
