0.01 0.961311421606439
0.02 1.90057657354692
0.03 2.74816791283635
0.04 3.53405251747085
0.05 4.29742193104344
0.06 5.04007761304715
0.07 5.68770058675403
0.08 6.2709989981948
0.09 6.82529600306017
0.1 7.34618549708919
0.11 7.81170504815774
0.12 8.32466804648697
0.13 8.73011522348062
0.14 9.03731410261761
0.15 9.42809528518976
0.16 9.75228318725591
0.17 10.0785253248622
0.18 10.2649066571664
0.19 10.3630132092299
0.2 10.5913820795886
0.21 10.7259137010642
0.22 10.9878146660987
0.23 11.1029940764756
0.24 11.2488887509305
0.25 11.2201208562308
0.26 11.366323371429
0.27 11.2710292202047
0.28 11.4008054494813
0.29 11.3992755749512
0.3 11.2467471761103
0.31 11.2946370212973
0.32 11.2068942256358
0.33 11.1493186253244
0.34 11.0540279355516
0.35 10.942596530268
0.36 10.8383496502016
0.37 10.5682412364987
0.38 10.6061282018504
0.39 10.4576331985772
0.4 10.4069687492881
0.41 10.187283581107
0.42 9.92726369228984
0.43 9.73892099190753
0.44 9.67438689499586
0.45 9.45018106974956
0.46 9.15535998224797
0.47 8.95838995062003
0.48 8.81073213673329
0.49 8.61154517731656
0.5 8.19345599312945
0.51 8.005789460674
0.52 7.95178572521646
0.53 7.67478155451137
0.54 7.47637016411546
0.55 7.28642055196387
0.56 7.13693979494472
0.57 6.80885104563447
0.58 6.59984006072758
0.59 6.27943567148173
0.6 5.83932912464789
0.61 5.72984137467011
0.62 5.70549816915664
0.63 5.11744240549693
0.64 5.02996486827681
0.65 4.74280053827247
0.66 4.61400853766782
0.67 4.35355191967288
0.68 4.2793779677929
0.69 3.74973793071959
0.7 3.72333737283537
0.71 3.62491179452256
0.72 3.07532545455414
0.73 2.89849978527794
0.74 2.65714601573121
0.75 2.57350909348449
0.76 2.12834743500999
0.77 2.12093068581572
0.78 2.11797411165839
0.79 1.38755320032993
0.8 1.47008385887958
0.81 1.26582590778587
0.82 0.667279861107391
0.83 0.660649412914756
0.84 0.603372189834804
0.85 0.0247883642279053
0.86 0.631964782954511
0.87 0.0340813083670886
0.88 0.380686226583527
0.89 0.466198333791721
0.9 0.6789410904891
0.91 0.825421578825985
0.92 0.297925657709695
0.93 1.01819194341542
0.94 0.267813020876092
0.95 0.622775583374314
0.96 0.633148444572976
0.97 0.363237637674114
0.98 0.774134442135774
0.99 0.382924914462264
