0.01 0.683000000100685
0.02 0.695000000030211
0.03 0.467222222180204
0.04 0.0919999999799846
0.05 0.255400000016049
0.06 0.203999999988307
0.07 0.646877551021848
0.08 0.0549374999937477
0.09 0.548234567902341
0.1 0.312200000001006
0.11 0.256661157021324
0.12 0.405999999997783
0.13 0.0349408284031814
0.14 0.512499999998267
0.15 0.334000000000446
0.16 0.00823437500156289
0.17 0.661062283732087
0.18 0.174135802482359
0.19 0.608731301972698
0.2 0.0486000000880377
0.21 0.409895691830466
0.22 0.0220495862515277
0.23 0.183691870251548
0.24 0.116999997329241
0.25 0.221480005741902
0.26 0.40191123074097
0.27 0.206068611224325
0.28 0.561112197788074
0.29 0.493626544407613
0.3 0.365611282588328
0.31 0.0676631654170056
0.32 0.114195878834714
0.33 0.102814427889766
0.34 0.011711065720215
0.35 0.136278668960113
0.36 0.0158074604560298
0.37 0.664436372455906
0.38 0.171012833737751
0.39 0.196358289986711
0.4 0.474103029587513
0.41 0.0604036477399188
0.42 0.0525004758108081
0.43 0.00966653419307111
0.44 0.198980378644143
0.45 0.274545201347071
0.46 0.243354908304019
0.47 0.140305252538027
0.48 0.0674097293132027
0.49 0.104627346443283
0.5 0.349569717911437
0.51 0.246391841619682
0.52 0.147132826362334
0.53 0.0528981096820717
0.54 0.0746276293433642
0.55 0.168581735415597
0.56 0.378798016628613
0.57 0.249714644864248
0.58 0.21629451686216
0.59 0.126547376303298
0.6 0.361016580287548
0.61 0.0329221669312795
0.62 0.290754846134112
0.63 0.187265800637415
0.64 0.0497577260792294
0.65 0.185423188058418
0.66 0.123895830866802
0.67 0.0464952860487354
0.68 0.411110173546731
0.69 0.113647707326318
0.7 0.138728342863505
0.71 0.282230492381622
0.72 0.15475197197074
0.73 0.0613976889598496
0.74 0.0692447920750257
0.75 0.347502887421053
0.76 0.00268082681315061
0.77 0.304704085250017
0.78 0.616009688667632
0.79 0.0366386819784428
0.8 0.311195044557341
0.81 0.413958305514386
0.82 0.00972722647725258
0.83 0.302786231723686
0.84 0.557799600698323
0.85 0.219380948864702
0.86 1.30341408509221
0.87 0.818743939267413
0.88 0.672020794774288
0.89 0.891882682215068
0.9 0.969432337468488
0.91 1.08162836287175
0.92 1.90911977420429
0.93 1.37424280268699
0.94 2.40775627451179
0.95 2.32815413969805
0.96 2.48453435029205
0.97 2.90106185098342
0.98 2.71811185660507
0.99 3.26486332657619
