0.01 0.203049999999005
0.02 0.155149999999404
0.03 0.221273333332077
0.04 0.214639999999198
0.05 0.20648999999921
0.06 0.04075333333263
0.07 0.0402785714284645
0.08 0.125555000000493
0.09 0.0848311111112109
0.1 0.177830000000103
0.11 0.0807427272723432
0.12 0.0674199999997314
0.13 0.11531692307682
0.14 0.195221428571176
0.15 0.0238633333334025
0.16 0.0226325000002547
0.17 0.358695294116804
0.18 0.0241466666690386
0.19 0.265594210532684
0.2 0.00448000001759342
0.21 0.213080000046215
0.22 0.030710000115643
0.23 0.0528617388531483
0.24 0.0764033326924121
0.25 0.153560001434495
0.26 0.153479227677269
0.27 0.112118895394828
0.28 0.190102843902877
0.29 0.185164111589906
0.3 0.221613384702691
0.31 0.0612404199826935
0.32 0.0517789311141227
0.33 0.0291981549000436
0.34 0.0169682329643563
0.35 0.0827603907229908
0.36 0.0104515369298286
0.37 0.315124420095834
0.38 0.0400543437839991
0.39 0.0868558776456468
0.4 0.254816181455351
0.41 0.0222328041257558
0.42 0.000141723626765061
0.43 0.0152384732832295
0.44 0.119064024358383
0.45 0.138248491416487
0.46 0.151715244727775
0.47 0.0878199028192725
0.48 0.0642174887095694
0.49 0.0905268954450699
0.5 0.19867334794207
0.51 0.131586204337746
0.52 0.0995480674129897
0.53 0.0338705180649951
0.54 0.035842069241537
0.55 0.102632319605883
0.56 0.219381195531389
0.57 0.152132815779245
0.58 0.173388968807061
0.59 0.0822692636677737
0.6 0.246014628307704
0.61 0.0278868166992193
0.62 0.184014128866764
0.63 0.118583459142053
0.64 0.0373449700961171
0.65 0.116265240029988
0.66 0.0919718406433176
0.67 0.011547171100382
0.68 0.285488155440935
0.69 0.0604046416061064
0.7 0.105596050926099
0.71 0.235428718565924
0.72 0.0972974067520822
0.73 0.0202478404768207
0.74 0.04181603637133
0.75 0.298007831271226
0.76 0.0360250644603557
0.77 0.290847357369022
0.78 0.555045980521423
0.79 0.0988945310941176
0.8 0.329321961169508
0.81 0.442477302275
0.82 0.111408120025265
0.83 0.393823855882171
0.84 0.627030380656581
0.85 0.360048005421579
0.86 1.32488627910045
0.87 0.945767401377221
0.88 0.846760511377614
0.89 1.07748436846892
0.9 1.19189430268292
0.91 1.33678827532095
0.92 2.12206601461758
0.93 1.69866154145013
0.94 2.67211068739862
0.95 2.65946456376201
0.96 2.86435608890554
0.97 3.30990267067385
0.98 3.20970652956615
0.99 3.76742095881284
