0.01 0.000293207291875
0.02 0.001237383113264
0.03 0.002709753171644
0.04 0.004667403886981
0.05 0.007351782794955
0.06 0.010491129798323
0.07 0.014507622872169
0.08 0.018893121330248
0.09 0.023662050329976
0.1 0.028845817707152
0.11 0.035726289566936
0.12 0.042210753075978
0.13 0.049065153566314
0.14 0.057249980438023
0.15 0.065565537983757
0.16 0.074199902914716
0.17 0.083996974798624
0.18 0.094448615573782
0.19 0.105779683255406
0.2 0.116473933011918
0.21 0.128599290492214
0.22 0.140908544004757
0.23 0.154693992221459
0.24 0.167861620493289
0.25 0.183099637543059
0.26 0.198528429000492
0.27 0.214967061311396
0.28 0.231155919558893
0.29 0.249389257871547
0.3 0.267492693309649
0.31 0.284154598433502
0.32 0.307002744699324
0.33 0.327528597795899
0.34 0.346431004073931
0.35 0.370309238871683
0.36 0.391662675296558
0.37 0.415712578965493
0.38 0.44241395499269
0.39 0.468718855255688
0.4 0.495193889951617
0.41 0.521068536743242
0.42 0.550837878779835
0.43 0.58236681343896
0.44 0.615197901906936
0.45 0.6481048734327
0.46 0.682515674267261
0.47 0.717530464255146
0.48 0.753161599730306
0.49 0.795891361008188
0.5 0.833595606601786
0.51 0.875253643660807
0.52 0.920292972241077
0.53 0.958518222549868
0.54 1.01142611303104
0.55 1.06308437980253
0.56 1.1158739528193
0.57 1.17128909775212
0.58 1.23209079048499
0.59 1.28759748311719
0.6 1.34929513995351
0.61 1.41016137769974
0.62 1.47955738157756
0.63 1.55957045689228
0.64 1.64297649853855
0.65 1.72392945949355
0.66 1.8037588138823
0.67 1.89510366867014
0.68 1.99178239990388
0.69 2.09997514832358
0.7 2.20504012344479
0.71 2.33004502081682
0.72 2.45095195282739
0.73 2.58013434863706
0.74 2.71953530775049
0.75 2.89752144344867
0.76 3.07755481784976
0.77 3.25585298607957
0.78 3.43049159110833
0.79 3.65561120210445
0.8 3.93291266145495
0.81 4.17146924476703
0.82 4.44981722653232
0.83 4.82975398767864
0.84 5.13087992632515
0.85 5.65930147630071
0.86 6.10301677624575
0.87 6.7063625913975
0.88 7.2002879186809
0.89 8.13190028633864
0.9 8.79183081497763
0.91 10.0126287018901
0.92 11.3276361115671
0.93 13.268702045165
0.94 15.3406804203264
0.95 19.3264328818686
0.96 22.4899868347452
0.97 33.4361330561227
0.98 48.8661304918473
0.99 104.760392995871
