0.01 0.999981847975391
0.02 1.00149643564631
0.03 1.00261942232218
0.04 1.00400536431304
0.05 1.00746170385004
0.06 1.01079399827109
0.07 1.01455496652105
0.08 1.01858089835132
0.09 1.02344540031636
0.1 1.02881083890311
0.11 1.03608925467638
0.12 1.04172010914964
0.13 1.04874526242105
0.14 1.05750024157451
0.15 1.0661698063414
0.16 1.07417296885313
0.17 1.08357424213756
0.18 1.09415152687539
0.19 1.10629584518349
0.2 1.11621190966615
0.21 1.1292538067008
0.22 1.1401766501395
0.23 1.15507730698538
0.24 1.1670722352415
0.25 1.1825170478749
0.26 1.19900673767391
0.27 1.21481204830335
0.28 1.23040525362639
0.29 1.24924325502318
0.3 1.26724814857094
0.31 1.28358275216004
0.32 1.30697824206592
0.33 1.32793497468012
0.34 1.34641709272515
0.35 1.37014892480529
0.36 1.39094497596828
0.37 1.41546075074973
0.38 1.44160628558249
0.39 1.46864227940519
0.4 1.49457354697662
0.41 1.52115879266183
0.42 1.55087018236693
0.43 1.58260273698584
0.44 1.61434901227937
0.45 1.64819587450514
0.46 1.68253294098384
0.47 1.71746997806356
0.48 1.75295752548816
0.49 1.79591142675038
0.5 1.83357728093535
0.51 1.8759733604749
0.52 1.9206091947954
0.53 1.95814516749398
0.54 2.01157818148946
0.55 2.06369639784412
0.56 2.11546451931734
0.57 2.17192462488947
0.58 2.23230370677333
0.59 2.28772927749983
0.6 2.34936731274673
0.61 2.41019915082893
0.62 2.47971476603626
0.63 2.55910499857923
0.64 2.64326751611046
0.65 2.72366944974817
0.66 2.8034782207477
0.67 2.8950828358246
0.68 2.99178239290448
0.69 3.10020867171817
0.7 3.20454128457413
0.71 3.3300748497388
0.72 3.4510604372587
0.73 3.57999486595669
0.74 3.71920670038623
0.75 3.89833520902101
0.76 4.07733621214566
0.77 4.25613797300593
0.78 4.43064780433088
0.79 4.65535603855815
0.8 4.93303879469269
0.81 5.171064526292
0.82 5.44908100396015
0.83 5.82996096021989
0.84 6.13031808019983
0.85 6.65983646205696
0.86 7.10367257283462
0.87 7.70644554114692
0.88 8.20021791451537
0.89 9.13199386077531
0.9 9.79127868323617
0.91 11.0125388010745
0.92 12.3276142080842
0.93 14.2679786970505
0.94 16.3400585295531
0.95 20.3266787136004
0.96 23.4888521915175
0.97 34.4364075484413
0.98 49.8656194843079
0.99 105.760565536188
