0.01 9.7E-05
0.02 0.0004234
0.03 0.0009394
0.04 0.0016558
0.05 0.0026256
0.06 0.0037476
0.07 0.0053494
0.08 0.0069868
0.09 0.0088858
0.1 0.0109688
0.11 0.013742
0.12 0.016368
0.13 0.0193858
0.14 0.0229058
0.15 0.0263812
0.16 0.0303572
0.17 0.0347234
0.18 0.0396102
0.19 0.0448406
0.2 0.049848
0.21 0.0557668
0.22 0.0618134
0.23 0.0686378
0.24 0.0756434
0.25 0.08347
0.26 0.0911126
0.27 0.1000124
0.28 0.1086842
0.29 0.1188894
0.3 0.1286916
0.31 0.1383262
0.32 0.1514814
0.33 0.16309
0.34 0.1741734
0.35 0.1884196
0.36 0.2017592
0.37 0.2166172
0.38 0.2334918
0.39 0.249539
0.4 0.2667612
0.41 0.2837208
0.42 0.3028078
0.43 0.3241914
0.44 0.3465628
0.45 0.3687994
0.46 0.3924736
0.47 0.41693
0.48 0.4417356
0.49 0.4730018
0.5 0.4997294
0.51 0.5307946
0.52 0.5641706
0.53 0.5927846
0.54 0.633313
0.55 0.6720812
0.56 0.7135152
0.57 0.756453
0.58 0.8045426
0.59 0.84974
0.6 0.8993272
0.61 0.9492212
0.62 1.0070838
0.63 1.0728388
0.64 1.141209
0.65 1.2099484
0.66 1.2792464
0.67 1.3580358
0.68 1.441201
0.69 1.5363454
0.7 1.6316982
0.71 1.7386482
0.72 1.846419
0.73 1.9646168
0.74 2.0926486
0.75 2.2507402
0.76 2.4197056
0.77 2.5849788
0.78 2.7486424
0.79 2.9601916
0.8 3.2188076
0.81 3.4487034
0.82 3.7124986
0.83 4.0763794
0.84 4.3672168
0.85 4.8742852
0.86 5.3038618
0.87 5.8914026
0.88 6.3773486
0.89 7.2944168
0.9 7.944341
0.91 9.145601
0.92 10.4594588
0.93 12.3795322
0.94 14.4394002
0.95 18.3918202
0.96 21.5920428
0.97 32.4421314
0.98 47.8996236
0.99 103.7158768
