0.01 0.0100758
0.02 0.0205148
0.03 0.0310814
0.04 0.0416158
0.05 0.0526998
0.06 0.063588
0.07 0.0753604
0.08 0.0871064
0.09 0.0990134
0.1 0.1107714
0.11 0.123945
0.12 0.1365784
0.13 0.1493604
0.14 0.1631304
0.15 0.1763914
0.16 0.1902064
0.17 0.204845
0.18 0.2195936
0.19 0.2350348
0.2 0.249726
0.21 0.2659398
0.22 0.2814848
0.23 0.2990112
0.24 0.3153386
0.25 0.3333672
0.26 0.3513254
0.27 0.3700958
0.28 0.388317
0.29 0.4092464
0.3 0.4284344
0.31 0.4478148
0.32 0.4714974
0.33 0.4934266
0.34 0.5140632
0.35 0.538367
0.36 0.561352
0.37 0.5862048
0.38 0.6133832
0.39 0.6395536
0.4 0.6667042
0.41 0.6934814
0.42 0.722585
0.43 0.7545972
0.44 0.786355
0.45 0.8192672
0.46 0.8527064
0.47 0.886932
0.48 0.921416
0.49 0.9631938
0.5 0.999399
0.51 1.041371
0.52 1.0842568
0.53 1.1218776
0.54 1.1731624
0.55 1.222121
0.56 1.2733098
0.57 1.3270622
0.58 1.3849798
0.59 1.4398914
0.6 1.4988608
0.61 1.5589268
0.62 1.6270748
0.63 1.702734
0.64 1.7815884
0.65 1.859689
0.66 1.9393946
0.67 2.0278146
0.68 2.1206112
0.69 2.2265098
0.7 2.3312768
0.71 2.4480864
0.72 2.5657272
0.73 2.6941392
0.74 2.8320368
0.75 3.0011758
0.76 3.179761
0.77 3.3548516
0.78 3.528441
0.79 3.7500708
0.8 4.019527
0.81 4.2592868
0.82 4.531506
0.83 4.9066078
0.84 5.2061228
0.85 5.7256464
0.86 6.1643544
0.87 6.7618184
0.88 7.257382
0.89 8.1849114
0.9 8.843533
0.91 10.055958
0.92 11.3794826
0.93 13.3090668
0.94 15.3779528
0.95 19.3422446
0.96 22.5500996
0.97 33.4126876
0.98 48.8791712
0.99 104.7060706
