0.01 0.998817593622746
0.02 1.0049428570777
0.03 1.00164803777962
0.04 1.00286862013521
0.05 1.01005960088589
0.06 1.01672584167975
0.07 1.01091025551326
0.08 1.0214035929663
0.09 1.02283590694156
0.1 1.03387397275919
0.11 1.02920189306066
0.12 1.03775099407553
0.13 1.05685684367809
0.14 1.05691367061201
0.15 1.0610688534166
0.16 1.07279566425407
0.17 1.07441799520063
0.18 1.09156787909524
0.19 1.10495631808452
0.2 1.11031604870407
0.21 1.13514882264215
0.22 1.13940142028461
0.23 1.15845522519405
0.24 1.16869697951735
0.25 1.17945995697231
0.26 1.20419151096844
0.27 1.20733719163321
0.28 1.23189603746454
0.29 1.242929992675
0.3 1.25925308221799
0.31 1.29097294316411
0.32 1.31010398732017
0.33 1.32687349682781
0.34 1.35184785692777
0.35 1.37321182896313
0.36 1.41163762690345
0.37 1.41058592454112
0.38 1.43628862845861
0.39 1.46963991160849
0.4 1.49463423145642
0.41 1.51818096555286
0.42 1.5242153666721
0.43 1.56735025772511
0.44 1.60202215429652
0.45 1.67006476232097
0.46 1.67203144111168
0.47 1.70404461441252
0.48 1.75234985578809
0.49 1.73756761398263
0.5 1.84556678224774
0.51 1.87828418576651
0.52 1.89903186031468
0.53 1.95850786171763
0.54 1.99603740062614
0.55 2.04100401868879
0.56 2.08838313068068
0.57 2.14293182789892
0.58 2.15756755086529
0.59 2.25982796544131
0.6 2.25761464439278
0.61 2.3809846904368
0.62 2.39900369233021
0.63 2.47414558772046
0.64 2.51994025216293
0.65 2.54946164025189
0.66 2.71980459979509
0.67 2.7950972638216
0.68 2.7903383844251
0.69 2.9499292170672
0.7 3.00746857949842
0.71 3.06148820315929
0.72 3.10160320438984
0.73 3.23761114401347
0.74 3.29420511704873
0.75 3.44023335613279
0.76 3.48694784202855
0.77 3.4809693735982
0.78 3.57135360547436
0.79 3.72355090644576
0.8 3.81783278013453
0.81 3.95370241148529
0.82 3.9588017649296
0.83 3.99944239599377
0.84 4.14686166967199
0.85 4.17979620008396
0.86 4.32590854795961
0.87 4.38671912265426
0.88 4.46088800152171
0.89 4.56865665492296
0.9 4.74151290764119
0.91 4.79082302897086
0.92 4.90998097517149
0.93 4.95004231498668
0.94 5.00264447605532
0.95 5.02648618227421
0.96 5.18135488857537
0.97 5.19175487518744
0.98 5.33338703090493
0.99 5.43823314439024
