0.01 0.000178254271429
0.02 0.001134470411567
0.03 0.002336386416617
0.04 0.004958622558482
0.05 0.006979697147803
0.06 0.009976506289241
0.07 0.013464251999922
0.08 0.018880831126521
0.09 0.023073843651441
0.1 0.029019829050634
0.11 0.033087746061531
0.12 0.039945144659323
0.13 0.048698432863258
0.14 0.057130389728771
0.15 0.063941096102717
0.16 0.075031685697165
0.17 0.079617846791712
0.18 0.092308997100517
0.19 0.105106326222725
0.2 0.114049176688442
0.21 0.132202953044004
0.22 0.140141849316316
0.23 0.157939057350811
0.24 0.170401051231601
0.25 0.184202487407566
0.26 0.204518271378835
0.27 0.211888864330567
0.28 0.232913257802598
0.29 0.242530983081105
0.3 0.262403830024252
0.31 0.292765084239115
0.32 0.312937848848688
0.33 0.322736896843738
0.34 0.352320416437863
0.35 0.371610840229478
0.36 0.406307612742976
0.37 0.410050939168993
0.38 0.437121096559346
0.39 0.470059501577528
0.4 0.499206923933727
0.41 0.520331517473027
0.42 0.525214013421421
0.43 0.570485818491404
0.44 0.601012605357192
0.45 0.667117505785484
0.46 0.669042389303971
0.47 0.708272916708485
0.48 0.753857201393721
0.49 0.743512924604343
0.5 0.846247111000828
0.51 0.878252304096456
0.52 0.89740991974578
0.53 0.958262309641005
0.54 0.998044937043507
0.55 1.0421573242156
0.56 1.08903113304788
0.57 1.14738472500361
0.58 1.16468759577641
0.59 1.25935742624455
0.6 1.26155067490318
0.61 1.38240602061442
0.62 1.40292101787841
0.63 1.48037633284114
0.64 1.52449384565985
0.65 1.56024022265518
0.66 1.71901492791975
0.67 1.79585935956785
0.68 1.79962787704776
0.69 1.95062684096395
0.7 2.00915623880514
0.71 2.06990952689743
0.72 2.11516973366681
0.73 2.24921184178912
0.74 2.3037491263061
0.75 2.4465380370511
0.76 2.49712687126624
0.77 2.49546687934878
0.78 2.59152028273215
0.79 2.74281693983801
0.8 2.83705255643191
0.81 2.97481320214914
0.82 2.9838946646918
0.83 3.02575810678562
0.84 3.17222123586037
0.85 3.21629537323193
0.86 3.35847921611412
0.87 3.42199303747452
0.88 3.49782368604376
0.89 3.60729758942309
0.9 3.78411234450807
0.91 3.83491349759242
0.92 3.95973812212669
0.93 4.00407849922725
0.94 4.06551915531495
0.95 4.09183614052766
0.96 4.24698978218929
0.97 4.2606320254256
0.98 4.40594131449437
0.99 4.51421644189113
