0.01 5E-05
0.02 0.00047
0.03 0.00084
0.04 0.00151
0.05 0.00246
0.06 0.00372
0.07 0.00499
0.08 0.0071
0.09 0.00874
0.1 0.01063
0.11 0.01282
0.12 0.01543
0.13 0.01891
0.14 0.02264
0.15 0.02595
0.16 0.03064
0.17 0.03332
0.18 0.03916
0.19 0.04473
0.2 0.04863
0.21 0.05707
0.22 0.06292
0.23 0.07059
0.24 0.07806
0.25 0.08321
0.26 0.09461
0.27 0.09727
0.28 0.10947
0.29 0.11534
0.3 0.12551
0.31 0.14324
0.32 0.15364
0.33 0.15928
0.34 0.17609
0.35 0.18823
0.36 0.2102
0.37 0.21272
0.38 0.22787
0.39 0.25311
0.4 0.27126
0.41 0.2822
0.42 0.28723
0.43 0.31885
0.44 0.33763
0.45 0.37862
0.46 0.379
0.47 0.4107
0.48 0.44078
0.49 0.4412
0.5 0.51265
0.51 0.53561
0.52 0.54899
0.53 0.58309
0.54 0.62225
0.55 0.65783
0.56 0.68705
0.57 0.73709
0.58 0.75605
0.59 0.82198
0.6 0.82638
0.61 0.91335
0.62 0.93602
0.63 1.00866
0.64 1.0299
0.65 1.07751
0.66 1.18606
0.67 1.25524
0.68 1.27928
0.69 1.38182
0.7 1.43414
0.71 1.49531
0.72 1.54119
0.73 1.6382
0.74 1.68945
0.75 1.8101
0.76 1.85449
0.77 1.87299
0.78 1.95211
0.79 2.08795
0.8 2.17476
0.81 2.29947
0.82 2.29845
0.83 2.34386
0.84 2.44967
0.85 2.52066
0.86 2.64592
0.87 2.71642
0.88 2.78103
0.89 2.85883
0.9 3.01359
0.91 3.07601
0.92 3.17724
0.93 3.22985
0.94 3.3125
0.95 3.33993
0.96 3.4787
0.97 3.47852
0.98 3.62793
0.99 3.724
