0.01 0.01007
0.02 0.02011
0.03 0.03065
0.04 0.041
0.05 0.05195
0.06 0.06321
0.07 0.07351
0.08 0.08726
0.09 0.09917
0.1 0.11152
0.11 0.11963
0.12 0.13363
0.13 0.14853
0.14 0.16196
0.15 0.17445
0.16 0.1909
0.17 0.2014
0.18 0.21957
0.19 0.23266
0.2 0.24567
0.21 0.26747
0.22 0.28376
0.23 0.30145
0.24 0.31907
0.25 0.3334
0.26 0.35754
0.27 0.36748
0.28 0.38961
0.29 0.40361
0.3 0.42245
0.31 0.45342
0.32 0.47118
0.33 0.48862
0.34 0.5158
0.35 0.53816
0.36 0.5744
0.37 0.58437
0.38 0.60749
0.39 0.6454
0.4 0.67245
0.41 0.69231
0.42 0.70643
0.43 0.74561
0.44 0.7754
0.45 0.83283
0.46 0.8375
0.47 0.87823
0.48 0.9221
0.49 0.92488
0.5 1.01255
0.51 1.04782
0.52 1.0698
0.53 1.1136
0.54 1.15987
0.55 1.20915
0.56 1.24386
0.57 1.30311
0.58 1.3264
0.59 1.41135
0.6 1.41669
0.61 1.52095
0.62 1.55023
0.63 1.63098
0.64 1.66199
0.65 1.71715
0.66 1.84064
0.67 1.92223
0.68 1.94991
0.69 2.06468
0.7 2.12594
0.71 2.19276
0.72 2.24625
0.73 2.35422
0.74 2.41179
0.75 2.54746
0.76 2.59599
0.77 2.61982
0.78 2.70059
0.79 2.84926
0.8 2.94629
0.81 3.0741
0.82 3.07716
0.83 3.127
0.84 3.23923
0.85 3.31287
0.86 3.44858
0.87 3.52459
0.88 3.58995
0.89 3.67023
0.9 3.83073
0.91 3.89566
0.92 4.00101
0.93 4.0544
0.94 4.13926
0.95 4.16634
0.96 4.31351
0.97 4.30944
0.98 4.46307
0.99 4.55997
